-24.9833 -0.445
-24.95 -0.550
-24.9167 -1.064
-24.8833 -0.360
-24.85 -0.974
-24.8167 -0.269
-24.7833 -0.884
-24.75 -1.093
-24.7167 -0.793
-24.6833 -1.408
-24.65 -2.227
-24.6167 -1.927
-24.5833 -2.236
-24.55 -4.070
-24.5167 -2.451
-24.4833 -1.846
-24.45 -2.460
-24.4167 -1.551
-24.3833 -2.775
-24.35 -4.304
-24.3167 -3.799
-24.2833 -5.937
-24.25 -5.332
-24.2167 -5.032
-24.1833 -5.137
-24.15 -5.752
-24.1167 -5.552
-24.0833 -6.166
-24.05 -5.661
-24.0167 -4.752
-23.9833 -5.466
-23.95 -4.047
-23.9167 -3.542
-23.8833 -4.156
-23.85 -2.432
-23.8167 -2.232
-23.7833 -3.556
-23.75 -2.442
-23.7167 -2.547
-23.6833 -2.447
-23.65 -2.856
-23.6167 -2.047
-23.5833 -2.456
-23.55 -2.052
-23.5167 -1.547
-23.4833 -1.752
-23.45 -0.942
-23.4167 -2.366
-23.3833 -2.266
-23.35 -2.980
-23.3167 -2.576
-23.2833 -3.390
-23.25 -3.290
-23.2167 -5.019
-23.1833 -4.614
-23.15 -5.124
-23.1167 -4.414
-23.0833 -4.924
-23.05 -4.519
-23.0167 -4.519
-22.9833 -4.724
-22.95 -4.014
-22.9167 -4.319
-22.8833 -4.524
-22.85 -3.000
-22.8167 -2.390
-22.7833 -2.290
-22.75 -2.900
-22.7167 -2.595
-22.6833 -1.680
-22.65 -2.495
-22.6167 -3.104
-22.5833 -2.495
-22.55 -3.104
-22.5167 -3.204
-22.4833 -3.204
-22.45 -4.119
-22.4167 -2.900
-22.3833 -3.204
-22.35 -3.609
-22.3167 -2.390
-22.2833 -1.576
-22.25 -2.795
-22.2167 -1.980
-22.1833 -1.371
-22.15 -2.690
-22.1167 -2.790
-22.0833 -2.180
-22.05 -1.976
-22.0167 -2.685
-21.9833 -1.566
-21.95 -1.666
-21.9167 -3.290
-21.8833 -3.695
-21.85 -3.185
-21.8167 -4.200
-21.7833 -3.995
-21.75 -4.400
-21.7167 -4.804
-21.6833 -5.309
-21.65 -6.019
-21.6167 -5.814
-21.5833 -4.490
-21.55 -3.980
-21.5167 -3.571
-21.4833 -3.366
-21.45 -2.956
-21.4167 -3.766
-21.3833 -3.256
-21.35 -2.542
-21.3167 -2.132
-21.2833 -2.637
-21.25 -2.432
-21.2167 -3.242
-21.1833 -3.137
-21.15 -3.947
-21.1167 -3.537
-21.0833 -3.432
-21.05 -3.328
-21.0167 -2.918
-20.9833 -2.813
-20.95 -3.013
-20.9167 -2.704
-20.8833 -2.904
-20.85 -4.018
-20.8167 -3.608
-20.7833 -3.299
-20.75 -3.194
-20.7167 -3.089
-20.6833 -4.304
-20.65 -4.504
-20.6167 -4.704
-20.5833 -5.918
-20.55 -6.423
-20.5167 -6.418
-20.4833 -7.228
-20.45 -7.223
-20.4167 -7.828
-20.3833 -6.808
-20.35 -7.413
-20.3167 -7.004
-20.2833 -6.389
-20.25 -6.994
-20.2167 -6.280
-20.1833 -6.275
-20.15 -5.660
-20.1167 -5.351
-20.0833 -5.856
-20.05 -4.936
-20.0167 -4.017
-19.9833 -4.622
-19.95 -4.922
-19.9167 -4.512
-19.8833 -4.203
-19.85 -5.112
-19.8167 -5.412
-19.7833 -5.408
-19.75 -5.303
-19.7167 -5.298
-19.6833 -5.293
-19.65 -5.898
-19.6167 -5.893
-19.5833 -5.888
-19.55 -6.088
-19.5167 -5.474
-19.4833 -5.774
-19.45 -5.769
-19.4167 -6.374
-19.3833 -5.660
-19.35 -5.350
-19.3167 -5.650
-19.2833 -6.255
-19.25 -6.150
-19.2167 -6.450
-19.1833 -6.750
-19.15 -6.645
-19.1167 -6.336
-19.0833 -6.940
-19.05 -7.140
-19.0167 -6.831
-18.9833 -6.826
-18.95 -7.636
-18.9167 -6.716
-18.8833 -6.307
-18.85 -5.997
-18.8167 -5.588
-18.7833 -4.668
-18.75 -3.649
-18.7167 -3.849
-18.6833 -4.149
-18.65 -4.349
-18.6167 -3.940
-18.5833 -4.544
-18.55 -3.830
-18.5167 -3.725
-18.4833 -3.925
-18.45 -3.820
-18.4167 -3.716
-18.3833 -3.611
-18.35 -4.725
-18.3167 -4.316
-18.2833 -4.820
-18.25 -5.020
-18.2167 -5.220
-18.1833 -5.725
-18.15 -5.011
-18.1167 -5.111
-18.0833 -3.787
-18.05 -3.682
-18.0167 -4.392
-17.9833 -4.896
-17.95 -4.387
-17.9167 -4.587
-17.8833 -4.382
-17.85 -5.192
-17.8167 -4.682
-17.7833 -5.392
-17.75 -4.882
-17.7167 -4.777
-17.6833 -4.877
-17.65 -4.368
-17.6167 -4.163
-17.5833 -4.263
-17.55 -3.448
-17.5167 -3.853
-17.4833 -4.868
-17.45 -4.258
-17.4167 -5.272
-17.3833 -5.982
-17.35 -4.458
-17.3167 -4.558
-17.2833 -4.658
-17.25 -3.439
-17.2167 -3.234
-17.1833 -3.844
-17.15 -2.624
-17.1167 -2.115
-17.0833 -1.810
-17.05 -3.029
-17.0167 -3.029
-16.9833 -3.029
-16.95 -4.348
-16.9167 -4.348
-16.8833 -4.044
-16.85 -4.248
-16.8167 -4.858
-16.7833 -4.553
-16.75 -5.163
-16.7167 -4.553
-16.6833 -4.148
-16.65 -3.539
-16.6167 -3.844
-16.5833 -4.048
-16.55 -3.744
-16.5167 -4.253
-16.4833 -4.458
-16.45 -4.153
-16.4167 -4.358
-16.3833 -4.258
-16.35 -4.463
-16.3167 -4.768
-16.2833 -4.668
-16.25 -4.263
-16.2167 -4.163
-16.1833 -4.672
-16.15 -4.572
-16.1167 -3.763
-16.0833 -4.577
-16.05 -3.868
-16.0167 -3.768
-15.9833 -3.568
-15.95 -3.163
-15.9167 -3.672
-15.8833 -3.777
-15.85 -3.677
-15.8167 -4.087
-15.7833 -3.887
-15.75 -3.482
-15.7167 -4.196
-15.6833 -3.387
-15.65 -2.577
-15.6167 -3.696
-15.5833 -3.801
-15.55 -3.906
-15.5167 -3.096
-15.4833 -4.725
-15.45 -3.611
-15.4167 -4.630
-15.3833 -4.430
-15.35 -3.216
-15.3167 -3.016
-15.2833 -3.425
-15.25 -3.225
-15.2167 -2.925
-15.1833 -2.420
-15.15 -2.120
-15.1167 -2.530
-15.0833 -1.925
-15.05 -2.335
-15.0167 -2.644
-14.9833 -3.664
-14.95 -3.973
-14.9167 -3.368
-14.8833 -4.388
-14.85 -4.088
-14.8167 -4.092
-14.7833 -4.197
-14.75 -3.897
-14.7167 -3.902
-14.6833 -2.688
-14.65 -2.083
-14.6167 -2.088
-14.5833 -2.092
-14.55 -2.707
-14.5167 -3.016
-14.4833 -2.716
-14.45 -2.416
-14.4167 -3.336
-14.3833 -3.036
-14.35 -3.345
-14.3167 -4.264
-14.2833 -4.269
-14.25 -3.360
-14.2167 -4.584
-14.1833 -3.879
-14.15 -3.579
-14.1167 -2.974
-14.0833 -3.284
-14.05 -2.679
-14.0167 -2.684
-13.9833 -2.284
-13.95 -1.984
-13.9167 -2.293
-13.8833 -1.993
-13.85 -1.388
-13.8167 -1.393
-13.7833 -2.517
-13.75 -2.217
-13.7167 -2.222
-13.6833 -3.446
-13.65 -4.060
-13.6167 -3.456
-13.5833 -3.460
-13.55 -3.465
-13.5167 -3.165
-13.4833 -1.951
-13.45 -2.260
-13.4167 -1.656
-13.3833 -1.356
-13.35 -2.580
-13.3167 -3.194
-13.2833 -2.284
-13.25 -3.204
-13.2167 -3.818
-13.1833 -2.908
-13.15 -3.623
-13.1167 -4.237
-13.0833 -3.937
-13.05 -3.432
-13.0167 -3.132
-12.9833 -3.637
-12.95 -2.937
-12.9167 -4.161
-12.8833 -3.961
-12.85 -3.356
-12.8167 -3.766
-12.7833 -3.566
-12.75 -2.961
-12.7167 -3.371
-12.6833 -4.085
-12.65 -3.276
-12.6167 -3.990
-12.5833 -3.790
-12.55 -4.200
-12.5167 -4.000
-12.4833 -3.190
-12.45 -3.600
-12.4167 -3.095
-12.3833 -2.690
-12.35 -2.490
-12.3167 -1.985
-12.2833 -2.800
-12.25 -1.990
-12.2167 -2.195
-12.1833 -2.400
-12.15 -3.114
-12.1167 -3.319
-12.0833 -3.828
-12.05 -4.338
-12.0167 -4.543
-11.9833 -4.648
-11.95 -4.343
-11.9167 -4.548
-11.8833 -4.448
-11.85 -3.738
-11.8167 -3.028
-11.7833 -3.638
-11.75 -3.538
-11.7167 -3.743
-11.6833 -3.438
-11.65 -2.424
-11.6167 -2.424
-11.5833 -2.728
-11.55 -2.119
-11.5167 -2.628
-11.4833 -3.238
-11.45 -3.543
-11.4167 -3.238
-11.3833 -3.848
-11.35 -3.238
-11.3167 -2.933
-11.2833 -3.033
-11.25 -1.509
-11.2167 -2.119
-11.1833 -3.133
-11.15 -3.438
-11.1167 -3.233
-11.0833 -3.843
-11.05 -3.638
-11.0167 -3.028
-10.9833 -3.433
-10.95 -3.533
-10.9167 -2.719
-10.8833 -2.209
-10.85 -2.614
-10.8167 -2.714
-10.7833 -2.814
-10.75 -2.304
-10.7167 -2.100
-10.6833 -2.200
-10.65 -3.214
-10.6167 -2.804
-10.5833 -2.904
-10.55 -2.700
-10.5167 -2.595
-10.4833 -3.000
-10.45 -2.285
-10.4167 -1.876
-10.3833 -1.671
-10.35 -1.261
-10.3167 -1.461
-10.2833 -1.661
-10.25 -1.252
-10.2167 -0.437
-10.1833 -0.637
-10.15 -0.532
-10.1167 -0.528
-10.0833 -0.423
-10.05 -1.232
-10.0167 -0.823
-9.98333 -1.328
-9.95 -1.932
-9.91666 -1.523
-9.88333 -1.723
-9.84999 -2.328
-9.81668 -2.528
-9.78334 -2.828
-9.75001 -3.942
-9.71667 -3.328
-9.68333 -3.018
-9.65 -3.523
-9.61666 -3.518
-9.58333 -3.208
-9.54999 -3.508
-9.51668 -3.199
-9.48334 -3.194
-9.45001 -2.784
-9.41667 -1.865
-9.38333 -1.046
-9.35 -0.736
-9.31666 -0.122
-9.28333 -0.422
-9.24999 -0.112
-9.21668 0.197
-9.18334 -1.422
-9.15001 -0.503
-9.11667 -0.803
-9.08333 -0.898
-9.05 -1.198
-9.01666 -1.598
-8.98333 -1.288
-8.94999 -1.993
-8.91668 -1.174
-8.88334 -1.779
-8.85001 -1.874
-8.81667 -1.664
-8.78333 -1.355
-8.75 -0.536
-8.71666 -0.021
-8.68333 0.798
-8.64999 -0.516
-8.61668 -0.002
-8.58334 0.208
-8.55001 0.417
-8.51667 0.017
-8.48333 0.227
-8.45 -0.173
-8.41666 -1.183
-8.38333 -1.888
-8.34999 -1.678
-8.31668 -2.992
-8.28334 -3.088
-8.25001 -2.368
-8.21667 -3.378
-8.18333 -2.559
-8.15 -2.044
-8.11666 -1.935
-8.08333 -1.420
-8.04999 -2.125
-8.01668 -2.625
-7.98334 -2.111
-7.95001 -2.206
-7.91667 -2.401
-7.88333 -1.277
-7.85 -1.472
-7.81666 -0.653
-7.78333 0.371
-7.74999 0.580
-7.71668 0.485
-7.68334 -0.015
-7.65001 0.195
-7.61667 -0.000
-7.58333 -0.096
-7.55 -0.900
-7.51666 -0.996
-7.48333 0.029
-7.44999 -0.676
-7.41668 -0.262
-7.38334 -0.357
-7.35001 -0.147
-7.31667 0.572
-7.28333 -0.438
-7.25 -0.633
-7.21666 -0.728
-7.18333 -0.823
-7.14999 -1.323
-7.11668 -0.809
-7.08334 -0.904
-7.05001 -1.099
-7.01667 -1.195
-6.98333 -0.375
-6.95 -1.385
-6.91666 -1.580
-6.88333 -0.761
-6.84999 -1.161
-6.81668 -0.647
-6.78334 -0.742
-6.75001 -2.056
-6.71667 -0.932
-6.68333 -0.418
-6.65 -0.818
-6.61666 -0.303
-6.58333 -0.703
-6.54999 0.421
-6.51668 -0.589
-6.48334 -1.499
-6.45001 -0.984
-6.41667 -1.689
-6.38333 -1.075
-6.35 -1.170
-6.31666 -0.555
-6.28333 -0.041
-6.24999 0.269
-6.21668 -0.131
-6.18334 -0.127
-6.15001 0.183
-6.11667 -0.117
-6.08333 -0.417
-6.05 -0.512
-6.01666 0.102
-5.98333 -0.503
-5.94999 0.112
-5.91668 -0.088
-5.88334 0.526
-5.85001 -0.383
-5.81667 0.231
-5.78333 0.336
-5.75 -0.879
-5.71666 -0.164
-5.68333 -1.074
-5.64999 -1.579
-5.61668 -2.083
-5.58334 -2.079
-5.55001 -2.583
-5.51667 -1.869
-5.48333 -2.374
-5.45 -2.574
-5.41666 -2.469
-5.38333 -0.840
-5.34999 -1.855
-5.31668 -1.445
-5.28334 -1.340
-5.25001 -0.526
-5.21667 -0.421
-5.18333 -1.740
-5.15 -1.231
-5.11666 -1.431
-5.08333 -1.226
-5.04999 -1.021
-5.01668 -0.511
-4.98334 -0.307
-4.95001 -0.711
-4.91667 -0.202
-4.88333 -0.911
-4.85 -0.302
-4.81666 -0.097
-4.78333 -0.707
-4.74999 0.108
-4.71668 0.108
-4.68334 -0.602
-4.65001 0.008
-4.61667 -0.297
-4.58333 -0.602
-4.55 0.617
-4.51666 0.008
-4.48333 0.313
-4.44999 0.617
-4.41668 0.717
-4.38334 -0.197
-4.35001 1.022
-4.31667 -0.097
-4.28333 -0.402
-4.25 -0.911
-4.21666 -1.726
-4.18333 -1.626
-4.14999 -2.235
-4.11668 -2.440
-4.08334 -2.340
-4.05001 -1.531
-4.01667 -1.735
-3.98333 -1.635
-3.95 -1.840
-3.91666 -1.945
-3.88333 -2.150
-3.84999 -2.255
-3.81668 -1.850
-3.78334 -1.955
-3.75001 -2.364
-3.71667 -1.350
-3.68333 -0.540
-3.65 -0.340
-3.61666 -1.359
-3.58333 -0.855
-3.54999 -0.959
-3.51668 -1.574
-3.48334 -1.679
-3.45001 -2.088
-3.41667 -1.483
-3.38333 -1.893
-3.35 -1.593
-3.31666 -1.393
-3.28333 -1.093
-3.24999 -0.488
-3.21668 0.117
-3.18334 0.112
-3.15001 0.412
-3.11667 -0.203
-3.08333 0.402
-3.05 -0.822
-3.01666 -1.131
-2.98333 -0.831
-2.94999 -0.736
-2.91668 -1.960
-2.88334 -1.965
-2.85001 -1.870
-2.81667 -1.875
-2.78333 -1.475
-2.75 -1.075
-2.71666 -1.079
-2.68333 -0.375
-2.64999 -0.889
-2.61668 -1.099
-2.58334 -1.003
-2.55001 -0.908
-2.51667 -1.218
-2.48333 -1.937
-2.45 -2.451
-2.41666 -2.661
-2.38333 -3.480
-2.34999 -3.690
-2.31668 -4.204
-2.28334 -4.009
-2.25001 -3.914
-2.21667 -3.209
-2.18333 -3.014
-2.15 -2.004
-2.11666 -1.604
-2.08333 -0.495
-2.04999 -0.399
-2.01668 0.101
-1.98334 0.196
-1.95001 0.086
-1.91667 -0.328
-1.88333 0.072
-1.85 0.267
-1.81666 -0.452
-1.78333 -0.662
-1.74999 0.448
-1.71668 0.338
-1.68334 0.129
-1.65001 -0.286
-1.61667 -0.091
-1.58333 -0.810
-1.55 -1.020
-1.51666 -1.129
-1.48333 -2.153
-1.44999 -2.263
-1.41668 -2.472
-1.38334 -2.277
-1.35001 -2.387
-1.31667 -3.106
-1.28333 -3.011
-1.25 -3.120
-1.21666 -2.925
-1.18333 -3.035
-1.14999 -2.940
-1.11668 -3.964
-1.08334 -2.549
-1.05001 -2.454
-1.01667 -2.259
-0.983333 -1.959
-0.949997 -1.359
-0.916661 -1.468
-0.883325 -1.578
-0.849989 -2.092
-0.816677 -2.507
-0.783341 -2.716
-0.750005 -2.826
-0.716669 -2.121
-0.683333 -1.416
-0.649997 -1.526
-0.616661 -2.345
-0.583325 -0.626
-0.549989 -0.531
-0.516677 -0.436
-0.483341 -0.340
-0.450005 -0.550
-0.416669 -0.660
-0.383333 -0.869
-0.349997 -1.993
-0.316661 -1.898
-0.283325 -2.108
-0.249989 -2.927
-0.216677 -3.236
-0.183341 -3.446
-0.150005 -2.741
-0.116669 -3.256
-0.0833333 -3.260
-0.0499973 -2.251
-0.0166613 -1.241
0.0166747 -2.770
0.0500107 -2.065
0.0833227 -2.375
0.116659 -2.684
0.149995 -2.589
0.183331 -2.289
0.216667 -1.989
0.250003 -2.299
0.283339 -1.694
0.316675 -0.784
0.350011 -0.484
0.383323 -1.099
0.416659 -1.104
0.449995 -0.499
0.483331 -0.504
0.516667 -0.608
0.550003 -0.613
0.583339 -0.413
0.616675 -1.028
0.650011 -1.437
0.683323 -0.528
0.716659 -0.937
0.749995 -1.347
0.783331 -1.756
0.816667 -0.947
0.850003 -1.052
0.883339 -0.852
0.916675 -0.652
0.950011 -0.452
0.983323 -1.166
1.01666 -1.371
1.04999 -1.780
1.08333 -0.361
1.11667 -0.261
1.15 -0.976
1.18334 -1.180
1.21667 -0.166
1.25001 0.339
1.28332 0.439
1.31666 -0.680
1.34999 -0.580
1.38333 -0.176
1.41667 -0.685
1.45 0.024
1.48334 -0.890
1.51667 -0.485
1.55001 0.834
1.58332 0.224
1.61666 0.020
1.64999 0.324
1.68333 -0.185
1.71667 0.120
1.75 -0.085
1.78334 0.524
1.81667 1.134
1.85001 1.134
1.88332 1.439
1.91666 2.353
1.94999 2.353
1.98333 2.353
2.01667 1.134
2.05 1.034
2.08334 1.644
2.11667 0.729
2.15001 0.324
2.18332 -0.285
2.21666 0.224
2.24999 -0.080
2.28333 -0.485
2.31667 0.939
2.35 1.244
2.38334 1.448
2.41667 1.044
2.45001 1.248
2.48332 2.063
2.51666 1.658
2.54999 2.472
2.58333 1.458
2.61667 1.053
2.65 0.548
2.68334 1.972
2.71667 1.568
2.75001 1.368
2.78332 0.658
2.81666 -0.456
2.84999 4.016
2.88333 21.799
2.91667 67.724
2.95 155.002
2.98334 213.324
3.01667 208.956
3.05001 177.057
3.08332 116.202
3.11666 28.219
3.14999 -62.507
8.88333 -78.426
8.91667 -162.351
8.95 -129.537
8.98334 -105.563
9.01667 -61.471
9.05001 -0.006
9.08332 4.256
9.11666 15.124
9.14999 42.451
9.18333 47.628
9.21667 59.716
9.25 90.700
9.28334 85.514
9.31667 68.745
9.35001 100.340
9.38332 73.208
9.41666 44.247
9.44999 20.063
9.48333 -32.368
9.51667 -98.515
9.55 -117.722
9.58334 -117.422
9.61667 -117.122
9.65001 -116.617
9.68332 -85.227
9.71666 -34.535
9.74999 8.132
9.78333 29.159
9.81667 58.720
9.85 100.168
9.88334 96.810
9.91667 73.945
9.95001 43.865
9.98332 6.979
10.0167 -13.447
10.05 -15.586
10.0833 4.931
10.1167 21.081
10.15 37.231
10.1833 45.860
10.2167 36.407
10.25 13.032
10.2833 -11.966
10.3167 -28.940
10.35 -64.911
10.3833 -75.279
10.4167 -37.389
10.45 6.193
10.4833 35.549
10.5167 63.586
10.55 77.092
10.5833 60.628
10.6167 22.928
10.65 -8.776
10.6833 -57.754
10.7167 -73.913
10.75 -69.551
10.7833 -34.198
10.8167 -8.195
10.85 10.393
10.8833 7.745
10.9167 6.216
10.95 -27.317
10.9833 -40.023
11.0167 -38.814
11.05 -59.440
11.0833 -46.034
11.1167 -21.045
11.15 -15.768
11.1833 -1.142
11.2167 28.419
11.25 41.825
11.2833 38.467
11.3167 43.439
11.35 30.938
11.3833 16.607
11.4167 -9.001
11.45 -28.208
11.4833 -45.891
11.5167 -68.756
11.55 -66.018
11.5833 -61.246
11.6167 -52.107
11.65 -31.080
11.6833 -8.530
11.7167 7.215
11.75 18.793
11.7833 30.675
11.8167 18.074
11.85 15.935
11.8833 30.766
11.9167 36.452
11.95 41.324
11.9833 46.096
12.0167 53.916
12.05 49.544
12.0833 38.162
12.1167 31.961
12.15 11.739
12.1833 -8.787
12.2167 -35.714
12.25 -55.631
12.2833 -60.613
12.3167 -62.951
12.35 -57.265
12.3833 -76.267
12.4167 -54.527
12.45 -29.433
12.4833 -3.630
12.5167 1.347
12.55 9.677
12.5833 30.808
12.6167 33.651
12.65 20.440
12.6833 32.327
12.7167 26.941
12.75 6.010
12.7833 10.986
12.8167 8.343
12.85 8.648
12.8833 23.683
12.9167 22.464
12.95 2.752
12.9833 -2.430
13.0167 -14.622
13.05 -13.302
13.0833 -1.110
13.1167 -11.169
13.15 -12.693
13.1833 -0.806
13.2167 2.547
13.25 -7.206
13.2833 1.228
13.3167 17.078
13.35 16.773
13.3833 23.988
13.4167 28.255
13.45 33.642
13.4833 43.091
13.5167 23.179
13.55 12.410
13.5833 7.129
13.6167 -14.917
13.65 -40.010
13.6833 -52.303
13.7167 -51.488
13.75 -62.561
13.7833 -64.795
13.8167 -58.799
13.85 -48.535
13.8833 -36.848
13.9167 -19.574
13.95 -12.154
13.9833 -1.586
14.0167 0.042
14.05 3.905
14.0833 -1.172
14.1167 6.858
14.15 4.524
14.1833 1.886
14.2167 7.577
14.25 29.323
14.2833 38.267
14.3167 30.142
14.35 19.174
14.3833 9.220
14.4167 -13.230
14.45 -6.420
14.4833 -8.549
14.5167 -16.369
14.55 -8.949
14.5833 -0.105
14.6167 2.743
14.65 1.834
14.6833 9.763
14.7167 25.413
14.75 32.123
14.7833 36.700
14.8167 36.705
14.85 22.994
14.8833 5.725
14.9167 -19.569
14.95 -29.622
14.9833 -26.570
15.0167 -26.055
15.05 -13.858
15.0833 -2.576
15.1167 -13.544
15.15 -16.892
15.1833 -13.025
15.2167 -12.106
15.25 -14.539
15.2833 -17.073
15.3167 -15.239
15.35 6.611
15.3833 21.856
15.4167 33.953
15.45 42.797
15.4833 32.339
15.5167 22.490
15.55 3.497
15.5833 -19.663
15.6167 -49.934
15.65 -61.611
15.6833 -52.562
15.7167 -45.342
15.75 -27.150
15.7833 -12.005
15.8167 4.969
15.85 21.333
15.8833 28.553
15.9167 24.495
15.95 15.561
15.9833 20.038
16.0167 14.456
16.05 17.104
16.0833 22.395
16.1167 29.006
16.15 40.188
16.1833 39.993
16.2167 38.679
16.25 22.124
16.2833 13.699
16.3167 -10.170
16.35 -35.259
16.3833 -67.763
16.4167 -79.441
16.45 -61.348
16.4833 -56.871
16.5167 -42.131
16.55 -23.938
16.5833 -2.797
16.6167 9.299
16.65 21.601
16.6833 23.944
16.7167 10.643
16.75 9.838
16.7833 3.647
16.8167 -3.864
16.85 -3.654
16.8833 4.075
16.9167 24.707
16.95 27.255
16.9833 9.991
17.0167 1.361
17.05 4.823
17.0833 4.119
17.1167 -4.001
17.15 -13.545
17.1833 -11.912
17.2167 -14.850
17.25 -13.421
17.2833 3.147
17.3167 14.025
17.35 25.107
17.3833 22.269
17.4167 19.026
17.45 18.321
17.4833 12.130
17.5167 10.106
17.55 9.706
17.5833 12.963
17.6167 15.511
17.65 12.063
17.6833 12.578
17.7167 14.311
17.75 -1.124
17.7833 -6.705
17.8167 -16.249
17.85 -23.660
17.8833 -21.621
17.9167 -13.487
17.95 -8.096
17.9833 -8.496
18.0167 -1.581
18.05 5.030
18.0833 13.469
18.1167 22.923
18.15 9.721
18.1833 -19.330
18.2167 -28.165
18.25 -28.565
18.2833 -30.084
18.3167 -20.121
18.35 -6.705
18.3833 7.221
18.4167 22.161
18.45 35.577
18.4833 38.325
18.5167 36.401
18.55 37.625
18.5833 34.582
18.6167 22.395
18.65 9.903
18.6833 14.579
18.7167 9.403
18.75 -5.223
18.7833 -15.581
18.8167 -19.439
18.85 -16.386
18.8833 -19.329
18.9167 -18.920
18.95 -16.172
18.9833 -17.286
19.0167 -17.181
19.05 -25.916
19.0833 -34.041
19.1167 -30.583
19.15 -22.858
19.1833 -27.021
19.2167 -27.525
19.25 -21.225
19.2833 -4.356
19.3167 10.379
19.35 23.386
19.3833 27.248
19.4167 34.973
19.45 33.044
19.4833 25.629
19.5167 19.738
19.55 11.713
19.5833 5.517
19.6167 2.369
19.65 5.317
19.6833 -0.269
19.7167 -6.975
19.75 -11.952
19.7833 -2.503
19.8167 1.359
19.85 -3.213
19.8833 -7.175
19.9167 -4.127
19.95 2.274
19.9833 -2.908
20.0167 -5.041
20.05 -14.185
20.0833 -12.052
20.1167 0.445
20.15 4.507
20.1833 -0.674
20.2167 -10.023
20.25 -13.376
20.2833 -17.543
20.3167 -22.015
20.35 -19.781
20.3833 -18.562
20.4167 -16.938
20.45 -11.961
20.4833 -3.532
20.5167 0.835
20.55 -2.722
20.5833 3.779
20.6167 8.551
20.65 1.945
20.6833 11.594
20.7167 25.815
20.75 24.696
20.7833 28.858
20.8167 27.229
20.85 19.809
20.8833 17.875
20.9167 18.075
20.95 10.351
20.9833 4.859
21.0167 4.755
21.05 -8.761
21.0833 -11.509
21.1167 -8.261
21.15 -4.304
21.1833 -10.709
21.2167 -14.372
21.25 -17.220
21.2833 -16.615
21.3167 -21.801
21.35 -21.501
21.3833 -18.763
21.4167 -16.329
21.45 -15.929
21.4833 -25.078
21.5167 -27.826
21.55 -14.625
21.5833 -2.742
21.6167 1.925
21.65 5.578
21.6833 7.807
21.7167 7.597
21.75 2.106
21.7833 -4.809
21.8167 -1.666
21.85 12.450
21.8833 12.240
21.9167 13.555
21.95 13.345
21.9833 10.697
22.0167 5.306
22.05 -1.000
22.0833 -7.205
22.1167 -4.367
22.15 3.958
22.1833 17.259
22.2167 19.793
22.25 12.978
22.2833 13.378
22.3167 20.583
22.35 13.973
22.3833 2.891
22.4167 0.343
22.45 1.047
22.4833 2.157
22.5167 0.523
22.55 -8.425
22.5833 -21.742
22.6167 -25.509
22.65 -31.105
22.6833 -36.091
22.7167 -38.334
22.75 -33.872
22.7833 -22.704
22.8167 -11.841
22.85 -11.950
22.8833 -12.669
22.9167 -8.512
22.95 0.218
22.9833 -1.111
23.0167 1.927
23.05 0.499
23.0833 -5.707
23.1167 -0.940
23.15 -1.964
23.1833 -10.913
23.2167 -9.803
23.25 -5.645
23.2833 6.437
23.3167 6.937
23.35 9.571
23.3833 9.461
23.4167 9.961
23.45 13.814
23.4833 22.239
23.5167 21.519
23.55 20.091
23.5833 24.248
23.6167 14.690
23.65 0.864
23.6833 -6.256
23.7167 -16.424
23.75 -21.510
23.7833 -25.278
23.8167 -36.970
23.85 -39.822
23.8833 -39.422
23.9167 -35.265
23.95 -27.245
23.9833 -24.611
24.0167 -19.639
24.05 -13.043
24.0833 -2.890
24.1167 2.487
24.15 2.278
24.1833 -0.066
24.2167 -1.190
24.25 0.225
24.2833 10.379
24.3167 10.169
24.35 6.911
24.3833 5.482
24.4167 -0.518
24.45 1.406
24.4833 7.597
24.5167 14.603
24.55 16.527
24.5833 20.279
24.6167 18.446
24.65 12.140
24.6833 8.782
24.7167 -1.181
24.75 -9.110
24.7833 -20.293
24.8167 -31.880
24.85 -39.200
24.8833 -35.852
24.9167 -35.552
24.95 -25.803
24.9833 -13.616
25.0167 -7.525
25.05 -7.834
25.0833 -7.330
25.1167 -7.639
25.15 -9.168
25.1833 -12.016
25.2167 -15.069
25.25 -12.735
25.2833 -3.391
25.3167 -2.886
25.35 0.766
25.3833 1.576
25.4167 -9.806
25.45 -14.178
25.4833 -20.989
25.5167 -18.755
25.55 -13.374
25.5833 -2.506
25.6167 4.910
25.65 8.158
25.6833 11.001
25.7167 18.516
25.75 18.921
25.7833 21.155
25.8167 16.682
25.85 0.018
25.8833 -10.550
25.9167 -10.145
25.95 -9.130
25.9833 -8.421
26.0167 -6.187
26.05 4.581
26.0833 12.506
26.1167 11.691
26.15 8.948
26.1833 8.948
26.2167 6.000
26.25 -1.925
26.2833 -8.935
26.3167 -17.165
26.35 -26.614
26.3833 -31.490
26.4167 -27.528
26.45 -31.490
26.4833 -39.415
26.5167 -43.073
26.55 -45.916
26.5833 -37.077
26.6167 -33.214
26.65 -24.680
26.6833 -13.502
26.7167 9.358
26.75 20.231
26.7833 20.435
26.8167 29.479
26.85 29.684
26.8833 22.269
26.9167 16.378
26.95 10.486
26.9833 7.948
27.0167 12.420
27.05 12.930
27.0833 10.596
27.1167 6.229
27.15 3.081
27.1833 -1.386
27.2167 4.610
27.25 3.495
27.2833 -3.715
27.3167 -9.302
27.35 -15.293
27.3833 -18.846
27.4167 -20.570
27.45 -18.331
27.4833 -15.788
27.5167 -13.245
27.55 -10.397
27.5833 -9.682
27.6167 -10.492
27.65 -4.291
27.6833 1.300
27.7167 1.100
27.75 3.848
27.7833 2.429
27.8167 4.667
27.85 7.415
27.8833 -0.405
27.9167 -9.544
27.95 -23.460
27.9833 -24.979
28.0167 -24.670
28.05 -24.260
28.0833 -18.159
28.1167 -12.058
28.15 -3.724
28.1833 7.863
28.2167 12.440
28.25 15.188
28.2833 22.813
28.3167 27.390
28.35 23.737
28.3833 21.303
28.4167 11.250
28.45 0.586
28.4833 -4.286
28.5167 -1.842
28.55 -2.142
28.5833 -13.720
28.6167 -17.982
28.65 -19.502
28.6833 -20.511
28.7167 -14.715
28.75 -11.053
28.7833 -14.706
28.8167 -16.934
28.85 -17.844
28.8833 -16.010
28.9167 -10.010
28.95 -7.566
28.9833 -2.990
29.0167 -2.170
29.05 -8.262
29.0833 -12.524
29.1167 -22.982
29.15 -20.844
29.1833 -10.881
29.2167 -4.170
29.25 2.440
29.2833 4.274
29.3167 9.460
29.35 15.156
29.3833 22.476
29.4167 18.723
29.45 13.851
29.4833 3.393
29.5167 -7.880
29.55 -7.366
29.5833 -0.960
29.6167 -2.174
29.65 -4.403
29.6833 -3.484
29.7167 -8.456
29.75 -6.318
29.7833 -4.179
29.8167 -6.103
29.85 -9.146
29.8833 -11.680
29.9167 -14.114
29.95 -8.318
29.9833 -9.532
30.0167 -2.007
30.05 2.265
30.0833 -1.693
30.1167 -7.479
30.15 -8.489
30.1833 -6.045
30.2167 -6.345
30.25 -9.389
30.2833 -12.127
30.3167 -9.074
30.35 -7.545
30.3833 -11.503
30.4167 -8.755
30.45 -6.617
30.4833 -9.660
30.5167 -11.179
30.55 -9.550
30.5833 -14.118
30.6167 -17.161
30.65 -16.851
30.6833 -15.222
30.7167 -14.608
30.75 -5.054
30.7833 0.132
30.8167 1.456
30.85 6.033
30.8833 13.758
30.9167 13.253
30.95 16.915
30.9833 17.020
31.0167 9.200
31.05 -1.363
31.0833 -13.145
31.1167 -16.394
31.15 -12.936
31.1833 -17.403
31.2167 -20.042
31.25 -21.156
31.2833 -26.133
31.3167 -34.867
31.35 -33.848
31.3833 -32.119
31.4167 -22.870
31.45 -12.302
31.4833 -10.878
31.5167 -10.164
31.55 -10.264
31.5833 -8.535
31.6167 -8.940
31.65 -4.163
31.6833 2.138
31.7167 7.524
31.75 8.643
31.7833 4.276
31.8167 3.262
31.85 -0.396
31.8833 -7.506
31.9167 -5.168
31.95 -8.216
31.9833 -11.364
32.0167 -10.754
32.05 -11.059
32.0833 -7.097
32.1167 -3.234
32.15 -2.320
32.1833 4.691
32.2167 4.995
32.25 7.739
32.2833 4.386
32.3167 -5.268
32.35 -5.268
32.3833 0.523
32.4167 1.843
32.45 -0.901
32.4833 -0.496
32.5167 -0.496
32.55 -2.834
32.5833 -3.649
32.6167 -9.135
32.65 -12.388
32.6833 -15.641
32.7167 -17.979
32.75 -20.318
32.7833 -21.132
32.8167 -19.508
32.85 -16.260
32.8833 -8.845
32.9167 -8.440
32.95 -0.925
32.9833 2.833
33.0167 4.557
33.05 3.743
33.0833 7.600
33.1167 6.176
33.15 -0.939
33.1833 -3.482
33.2167 -6.025
33.25 -5.825
33.2833 -6.540
33.3167 -9.693
33.35 -13.150
33.3833 -12.341
33.4167 -14.884
33.45 -15.294
33.4833 -8.693
33.5167 -6.869
33.55 -0.573
33.5833 6.638
33.6167 9.071
33.65 6.223
33.6833 2.561
33.7167 -5.978
33.75 -6.388
33.7833 -5.173
33.8167 -6.397
33.85 -13.208
33.8833 -17.480
33.9167 -21.142
33.95 -22.366
33.9833 -16.275
34.0167 -12.622
34.05 -4.397
34.0833 1.694
34.1167 0.165
34.15 -3.193
34.1833 -10.818
34.2167 -18.342
34.25 -22.005
34.2833 -20.181
34.3167 -18.662
34.35 -17.652
34.3833 -17.047
34.4167 -20.710
34.45 -18.481
34.4833 -11.170
34.5167 -5.284
34.55 3.855
34.5833 13.399
34.6167 14.919
34.65 14.099
34.6833 14.095
34.7167 15.104
34.75 14.185
34.7833 4.222
34.8167 0.255
34.85 -5.137
34.8833 -5.042
34.9167 -7.790
34.95 -12.266
34.9833 -12.476
35.0167 -15.419
35.05 -16.958
35.0833 -16.253
35.1167 -20.220
35.15 -17.077
35.1833 -11.800
35.2167 -5.709
35.25 -2.566
35.2833 -0.337
35.3167 4.535
35.35 4.326
35.3833 5.540
35.4167 4.721
35.45 5.121
35.4833 3.287
35.5167 -0.885
35.55 -8.205
35.5833 -12.072
35.6167 -12.991
35.65 -11.372
35.6833 -10.767
35.7167 -13.110
35.75 -8.543
35.7833 -3.062
35.8167 1.606
35.85 0.686
35.8833 1.291
35.9167 -4.405
35.95 -10.201
35.9833 -12.339
36.0167 -18.440
36.05 -21.798
36.0833 -16.011
36.1167 -9.006
36.15 -6.572
36.1833 -2.005
36.2167 4.086
36.25 7.739
36.2833 6.820
36.3167 4.886
36.35 0.310
36.3833 -1.524
36.4167 1.724
36.45 4.462
36.4833 4.662
36.5167 1.305
36.55 -3.067
36.5833 -0.734
36.6167 0.076
36.65 0.986
36.6833 3.624
36.7167 3.824
36.75 1.281
36.7833 -3.396
36.8167 -7.768
36.85 -13.459
36.8833 -13.564
36.9167 -11.840
36.95 -16.922
36.9833 -18.246
37.0167 -24.242
37.05 -29.528
37.0833 -30.952
37.1167 -27.499
37.15 -25.875
37.1833 -18.460
37.2167 -6.982
37.25 0.028
37.2833 1.652
37.3167 2.666
37.35 6.119
37.3833 8.962
37.4167 7.438
37.45 5.100
37.4833 1.747
37.5167 -0.896
37.55 -3.030
37.5833 -0.591
37.6167 3.981
37.65 3.166
37.6833 8.043
37.7167 6.519
37.75 3.371
37.7833 -4.249
37.8167 -4.249
37.85 -2.725
37.8833 -2.825
37.9167 -0.691
37.95 -0.486
37.9833 -1.401
38.0167 -3.939
38.05 -8.916
38.0833 -16.536
38.1167 -21.513
38.15 -22.832
38.1833 -21.408
38.2167 -23.032
38.25 -24.961
38.2833 -22.418
38.3167 -17.946
38.35 -12.864
38.3833 -9.711
38.4167 -5.849
38.45 0.962
38.4833 7.262
38.5167 8.282
38.55 6.253
38.5833 1.886
38.6167 -2.277
38.65 -5.830
38.6833 -9.992
38.7167 -16.898
38.75 -22.889
38.7833 -23.698
38.8167 -22.070
38.85 -16.883
38.8833 -11.597
38.9167 -9.054
38.95 0.095
38.9833 12.392
39.0167 13.411
39.05 14.026
39.0833 15.555
39.1167 11.087
39.15 4.082
39.1833 -0.181
39.2167 -4.443
39.25 -8.606
39.2833 -11.954
39.3167 -10.730
39.35 -7.982
39.3833 -2.186
39.4167 1.172
39.45 3.820
39.4833 3.825
39.5167 0.782
39.55 -3.481
39.5833 -7.843
39.6167 -12.715
39.65 -13.320
39.6833 -14.939
39.7167 -18.897
39.75 -19.906
39.7833 -17.158
39.8167 -14.510
39.85 -9.729
39.8833 -3.018
39.9167 0.849
39.95 4.411
39.9833 8.074
40.0167 8.893
40.05 10.931
40.0833 12.055
40.1167 15.008
40.15 11.865
40.1833 6.588
40.2167 1.616
40.25 -4.880
40.2833 -8.328
40.3167 -10.252
40.35 -6.385
40.3833 -0.079
40.4167 3.688
40.45 3.288
40.4833 8.679
40.5167 13.156
40.55 16.109
40.5833 14.999
40.6167 11.247
40.65 6.275
40.6833 -2.760
40.7167 -7.732
40.75 -14.023
40.7833 -16.862
40.8167 -15.738
40.85 -15.323
40.8833 -9.322
40.9167 -7.079
40.95 -4.736
40.9833 -3.102
41.0167 -1.369
41.05 -1.564
41.0833 -1.964
41.1167 -0.940
41.15 0.084
41.1833 2.732
41.2167 8.328
41.25 10.671
41.2833 13.829
41.3167 15.867
41.35 8.662
41.3833 4.199
41.4167 0.142
41.45 -5.540
41.4833 -10.817
41.5167 -8.573
41.55 -4.097
41.5833 -7.340
41.6167 -5.706
41.65 -7.325
41.6833 -7.521
41.7167 -7.006
41.75 -6.287
41.7833 -6.077
41.8167 -3.225
41.85 0.338
41.8833 1.462
41.9167 0.047
41.95 -0.657
41.9833 -1.157
42.0167 0.271
42.05 1.395
42.0833 3.029
42.1167 5.372
42.15 8.325
42.1833 7.011
42.2167 5.901
42.25 3.672
42.2833 -1.300
42.3167 -4.748
42.35 -9.110
42.3833 -12.558
42.4167 -13.263
42.45 -16.406
42.4833 -17.111
42.5167 -15.073
42.55 -11.815
42.5833 -7.238
42.6167 -3.371
42.65 -0.418
42.6833 0.096
42.7167 -0.813
42.75 -2.737
42.7833 -5.476
42.8167 -3.437
42.85 -0.080
42.8833 2.973
42.9167 5.011
42.95 10.198
42.9833 11.727
43.0167 8.988
43.05 5.335
43.0833 7.169
43.1167 3.821
43.15 1.692
43.1833 0.173
43.2167 -0.737
43.25 -3.780
43.2833 -6.113
43.3167 -6.718
43.35 -9.052
43.3833 -10.571
43.4167 -8.028
43.45 -11.581
43.4833 -18.281
43.5167 -18.481
43.55 -16.548
43.5833 -14.919
43.6167 -9.023
43.65 -6.785
43.6833 -2.108
43.7167 5.412
43.75 8.870
43.7833 7.146
43.8167 8.875
43.85 5.931
43.8833 4.917
43.9167 2.988
43.95 0.045
43.9833 -2.189
44.0167 -3.203
44.05 -3.608
44.0833 -3.403
44.1167 -7.770
44.15 -9.904
44.1833 -7.565
44.2167 -4.313
44.25 -1.874
44.2833 2.293
44.3167 7.170
44.35 9.203
44.3833 10.423
44.4167 7.070
44.45 -0.245
44.4833 -4.208
44.5167 -6.646
44.55 -12.133
44.5833 -14.166
44.6167 -13.252
44.65 -15.995
44.6833 -13.761
44.7167 -7.665
44.75 -4.822
44.7833 -2.589
44.8167 3.203
44.85 4.217
44.8833 2.488
44.9167 -0.765
44.95 -4.627
44.9833 -1.989
45.0167 -2.498
45.05 -4.532
45.0833 -6.770
45.1167 -4.841
45.15 -4.641
45.1833 -3.017
45.2167 0.231
45.25 2.564
45.2833 2.764
45.3167 5.707
45.35 6.822
45.3833 7.327
45.4167 6.917
45.45 7.727
45.4833 4.574
45.5167 2.740
45.55 0.502
45.5833 -3.161
45.6167 -4.789
45.65 -9.671
45.6833 -13.943
45.7167 -12.524
45.75 -11.309
45.7833 -9.485
45.8167 -10.405
45.85 -11.629
45.8833 -11.633
45.9167 -12.757
45.95 -14.591
45.9833 -13.986
46.0167 -14.501
46.05 -14.201
46.0833 -13.191
46.1167 -11.062
46.15 -7.919
46.1833 -5.485
46.2167 -0.513
46.25 3.849
46.2833 6.383
46.3167 7.392
46.35 4.439
46.3833 3.620
46.4167 1.887
46.45 0.153
46.4833 -3.409
46.5167 -5.753
46.55 -6.472
46.5833 -8.510
46.6167 -8.720
46.65 -10.658
46.6833 -14.221
46.7167 -13.721
46.75 -10.577
46.7833 -8.249
46.8167 -6.020
46.85 -2.777
46.8833 -0.448
46.9167 0.867
46.95 1.671
46.9833 0.952
47.0167 -1.501
47.05 -3.839
47.0833 -7.097
47.1167 -9.035
47.15 -10.669
47.1833 -15.350
47.2167 -18.508
47.25 -18.313
47.2833 -21.166
47.3167 -24.933
47.35 -25.042
47.3833 -22.714
47.4167 -17.032
47.45 -13.484
47.4833 -9.021
47.5167 -5.473
47.55 0.003
47.5833 2.637
47.6167 5.575
47.65 7.599
47.6833 13.586
47.7167 14.086
47.75 15.195
47.7833 12.647
47.8167 9.490
47.85 3.589
47.8833 -1.093
47.9167 0.322
47.95 2.955
47.9833 1.931
48.0167 1.822
48.05 2.017
48.0833 -4.189
48.1167 -7.042
48.15 -9.590
48.1833 -13.662
48.2167 -16.819
48.25 -17.843
48.2833 -18.258
48.3167 -18.977
48.35 -20.101
48.3833 -20.515
48.4167 -19.101
48.45 -18.091
48.4833 -14.543
48.5167 -12.519
48.55 -11.205
48.5833 -10.400
48.6167 -6.342
48.65 -3.809
48.6833 -3.004
48.7167 0.139
48.75 0.844
48.7833 -0.790
48.8167 -1.609
48.85 -3.952
48.8833 -4.466
48.9167 -7.114
48.95 -5.190
48.9833 -3.876
49.0167 -0.733
49.05 1.496
49.0833 1.796
49.1167 4.025
49.15 6.863
49.1833 8.078
49.2167 7.563
49.25 8.168
49.2833 7.958
49.3167 3.382
49.35 0.329
49.3833 -3.638
49.4167 -7.301
49.45 -8.830
49.4833 -9.139
49.5167 -9.449
49.55 -8.539
49.5833 -8.239
49.6167 -7.939
49.65 -5.910
49.6833 -5.610
49.7167 -9.068
49.75 -12.730
49.7833 -13.750
49.8167 -17.207
49.85 -17.617
49.8833 -16.707
49.9167 -14.678
49.95 -13.869
49.9833 -13.464
50.0167 -10.826
50.05 -10.321
50.0833 -8.902
50.1167 -4.230
50.15 0.238
50.1833 4.605
50.2167 7.243
50.25 9.782
50.2833 9.272
50.3167 7.238
50.35 3.986
50.3833 0.733
50.4167 -2.520
50.45 -3.944
50.4833 -5.063
50.5167 -6.587
50.55 -8.621
50.5833 -11.569
50.6167 -9.740
50.65 -8.116
50.6833 -6.287
50.7167 -4.763
50.75 -2.934
50.7833 -3.239
50.8167 -2.630
50.85 -4.154
50.8833 -5.373
50.9167 -9.640
50.95 -15.736
50.9833 -18.579
51.0167 -22.542
51.05 -23.456
51.0833 -21.422
51.1167 -19.998
51.15 -16.646
51.1833 -12.174
51.2167 -9.226
51.25 -8.411
51.2833 -5.668
51.3167 -4.549
51.35 -2.006
51.3833 1.857
51.4167 3.890
51.45 5.314
51.4833 6.129
51.5167 5.929
51.55 3.086
51.5833 1.057
51.6167 -0.872
51.65 -4.730
51.6833 -4.525
51.7167 -4.115
51.75 -5.534
51.7833 -7.563
51.8167 -8.678
51.85 -11.011
51.8833 -11.211
51.9167 -12.021
51.95 -12.526
51.9833 -14.554
52.0167 -16.888
52.05 -19.526
52.0833 -22.470
52.1167 -24.598
52.15 -22.970
52.1833 -22.355
52.2167 -18.898
52.25 -17.064
52.2833 -15.740
52.3167 -14.211
52.35 -10.754
52.3833 -9.225
52.4167 -6.782
52.45 -3.019
52.4833 0.338
52.5167 3.391
52.55 4.006
52.5833 4.925
52.6167 3.406
52.65 2.801
52.6833 0.977
52.7167 -2.676
52.75 -6.938
52.7833 -9.677
52.8167 -11.196
52.85 -8.753
52.8833 -5.700
52.9167 -5.695
52.95 -5.181
52.9833 -1.823
53.0167 -1.818
53.05 -2.828
53.0833 -3.433
53.1167 -3.428
53.15 -4.438
53.1833 -4.433
53.2167 -4.428
53.25 -4.523
53.2833 -3.909
53.3167 -8.271
53.35 -12.838
53.3833 -15.677
53.4167 -15.977
53.45 -15.767
53.4833 -16.067
53.5167 -17.991
53.55 -17.682
53.5833 -18.082
53.6167 -16.248
53.65 -16.038
53.6833 -14.914
53.7167 -14.300
53.75 -11.957
53.7833 -9.818
53.8167 -5.037
53.85 -2.084
53.8833 -0.860
53.9167 0.569
53.95 3.012
53.9833 4.746
54.0167 4.346
54.05 3.741
54.0833 2.427
54.1167 -0.007
54.15 -7.113
54.1833 -10.461
54.2167 -13.604
54.25 -17.257
54.2833 -17.657
54.3167 -18.666
54.35 -19.576
54.3833 -17.438
54.4167 -12.961
54.45 -9.298
54.4833 -4.821
54.5167 -1.769
54.55 -0.949
54.5833 -0.335
54.6167 -2.159
54.65 -5.202
54.6833 -8.955
54.7167 -11.998
54.75 -15.346
54.7833 -17.780
54.8167 -19.704
54.85 -21.528
54.8833 -19.694
54.9167 -18.470
54.95 -16.637
54.9833 -14.498
55.0167 -13.274
55.05 -12.355
55.0833 -12.860
55.1167 -10.112
55.15 -9.802
55.1833 -10.407
55.2167 -10.607
55.25 -8.469
55.2833 -8.464
55.3167 -7.140
55.35 -5.611
55.3833 -6.116
55.4167 -5.501
55.45 -4.482
55.4833 -4.987
55.5167 -3.053
55.55 -3.963
55.5833 -5.382
55.6167 -6.801
55.65 -6.392
55.6833 -5.982
55.7167 -6.182
55.75 -6.992
55.7833 -8.921
55.8167 -12.169
55.85 -14.807
55.8833 -17.650
55.9167 -21.508
55.95 -23.132
55.9833 -24.856
56.0167 -24.346
56.05 -22.922
56.0833 -19.769
56.1167 -17.126
56.15 -14.483
56.1833 -10.621
56.2167 -8.587
56.25 -8.077
56.2833 -3.605
56.3167 0.052
56.35 3.000
56.3833 3.815
56.4167 3.815
56.45 4.629
56.4833 4.934
56.5167 2.191
56.55 -2.481
56.5833 -7.663
56.6167 -13.759
56.65 -15.588
56.6833 -16.807
56.7167 -14.978
56.75 -16.807
56.7833 -16.197
56.8167 -13.964
56.85 -12.440
56.8833 -11.525
56.9167 -14.169
56.95 -15.083
56.9833 -14.373
57.0167 -14.273
57.05 -14.273
57.0833 -10.516
57.1167 -8.892
57.15 -4.829
57.1833 -4.425
57.2167 -6.458
57.25 -10.016
57.2833 -12.049
57.3167 -12.459
57.35 -13.273
57.3833 -12.259
57.4167 -12.669
57.45 -13.178
57.4833 -13.893
57.5167 -12.878
57.55 -11.764
57.5833 -10.649
57.6167 -8.925
57.65 -6.997
57.6833 -5.273
57.7167 -6.901
57.75 -5.177
57.7833 -5.587
57.8167 -5.387
57.85 -4.782
57.8833 -4.582
57.9167 -3.163
57.95 -1.134
57.9833 -0.225
58.0167 -3.073
58.05 -5.516
58.0833 -8.364
58.1167 -13.245
58.15 -17.008
58.1833 -18.842
58.2167 -21.285
58.25 -20.780
58.2833 -19.261
58.3167 -17.132
58.35 -16.222
58.3833 -12.874
58.4167 -13.184
58.45 -11.360
58.4833 -11.060
58.5167 -11.674
58.55 -10.765
58.5833 -9.550
58.6167 -8.945
58.65 -8.036
58.6833 -9.465
58.7167 -9.469
58.75 -9.474
58.7833 -10.294
58.8167 -8.774
58.85 -8.474
58.8833 -7.160
58.9167 -7.165
58.95 -7.679
58.9833 -7.989
59.0167 -9.922
59.05 -10.337
59.0833 -11.156
59.1167 -11.466
59.15 -13.809
59.1833 -13.814
59.2167 -15.547
59.25 -15.147
59.2833 -13.323
59.3167 -8.656
59.35 -6.427
59.3833 -4.298
59.4167 -2.984
59.45 -4.108
59.4833 -6.551
59.5167 -7.370
59.55 -10.628
59.5833 -13.376
59.6167 -14.805
59.65 -17.148
59.6833 -17.458
59.7167 -18.277
59.75 -18.182
59.7833 -16.562
59.8167 -15.958
59.85 -16.472
59.8833 -18.206
59.9167 -19.734
59.95 -17.810
59.9833 -16.596
60.0167 -13.453
60.05 -9.700
60.0833 -7.571
60.1167 -5.342
60.15 -5.347
60.1833 -4.033
60.2167 -4.952
60.25 -8.210
60.2833 -9.738
60.3167 -6.086
60.35 -5.686
60.3833 -5.081
60.4167 -3.866
60.45 -2.552
60.4833 -3.471
60.5167 -3.476
60.55 -5.310
60.5833 -8.362
60.6167 -12.634
60.65 -18.430
60.6833 -20.264
60.7167 -19.050
60.75 -18.445
60.7833 -15.097
60.8167 -10.530
60.85 -6.877
60.8833 -6.067
60.9167 -5.767
60.95 -4.858
60.9833 -4.048
61.0167 -4.358
61.05 -5.072
61.0833 -6.091
61.1167 -5.486
61.15 -6.201
61.1833 -5.696
61.2167 -6.106
61.25 -7.734
61.2833 -10.582
61.3167 -10.382
61.35 -12.621
61.3833 -12.726
61.4167 -12.830
61.45 -15.169
61.4833 -17.407
61.5167 -16.902
61.55 -16.498
61.5833 -13.959
61.6167 -11.321
61.65 -9.392
61.6833 -7.768
61.7167 -4.925
61.75 -3.910
61.7833 -4.115
61.8167 -4.930
61.85 -8.487
61.8833 -9.302
61.9167 -10.421
61.95 -12.554
61.9833 -12.759
62.0167 -11.845
62.05 -11.540
62.0833 -9.611
62.1167 -5.039
62.15 -1.991
62.1833 -1.382
62.2167 -0.467
62.25 -1.686
62.2833 -3.515
62.3167 -7.478
62.35 -10.221
62.3833 -12.759
62.4167 -13.978
62.45 -15.298
62.4833 -17.736
62.5167 -17.226
62.55 -16.107
62.5833 -15.193
62.6167 -14.378
62.65 -14.478
62.6833 -14.274
62.7167 -14.678
62.75 -12.035
62.7833 -8.882
62.8167 -7.154
62.85 -4.815
62.8833 -3.491
62.9167 -4.506
62.95 -1.048
62.9833 -1.453
63.0167 -3.177
63.05 -4.291
63.0833 -7.134
63.1167 -9.163
63.15 -9.973
63.1833 -11.392
63.2167 -10.982
63.25 -9.658
63.2833 -8.739
63.3167 -6.806
63.35 -5.786
63.3833 -5.377
63.4167 -5.067
63.45 -6.486
63.4833 -7.091
63.5167 -10.339
63.55 -10.639
63.5833 -10.939
63.6167 -11.444
63.65 -11.134
63.6833 -12.958
63.7167 -12.649
63.75 -12.644
63.7833 -10.810
63.8167 -10.806
63.85 -10.496
63.8833 -10.796
63.9167 -10.791
63.95 -10.277
63.9833 -9.053
64.0167 -8.134
64.05 -5.386
64.0833 -3.957
64.1167 -3.952
64.15 -4.047
64.1833 -4.042
64.2167 -6.271
64.25 -8.400
64.2833 -10.019
64.3167 -11.029
64.35 -12.548
64.3833 -12.034
64.4167 -12.738
64.45 -10.395
64.4833 -8.562
64.5167 -7.133
64.55 -7.228
64.5833 -5.494
64.6167 -5.285
64.65 -5.685
64.6833 -4.561
64.7167 -5.570
64.75 -4.142
64.7833 -2.408
64.8167 -3.418
64.85 -3.513
64.8833 -2.794
64.9167 -4.108
64.95 -6.337
64.9833 -7.956
65.0167 -11.404
65.05 -14.038
65.0833 -14.742
65.1167 -14.838
65.15 -15.642
65.1833 -17.262
65.2167 -16.442
65.25 -13.894
65.2833 -13.075
65.3167 -10.427
65.35 -8.489
65.3833 -9.498
65.4167 -9.389
65.45 -10.094
65.4833 -8.969
65.5167 -6.117
65.55 -5.602
65.5833 -5.493
65.6167 -4.978
65.65 -4.869
65.6833 -4.659
65.7167 -3.940
65.75 -1.597
65.7833 -0.877
65.8167 -0.973
65.85 -1.473
65.8833 -3.701
65.9167 -5.016
65.95 -5.516
65.9833 -7.440
66.0167 -10.073
66.05 -11.388
66.0833 -11.278
66.1167 -10.154
66.15 -9.335
66.1833 -10.445
66.2167 -9.625
66.25 -7.077
66.2833 -4.734
66.3167 -5.134
66.35 -6.449
66.3833 -7.253
66.4167 -6.129
66.45 -7.749
66.4833 -9.063
66.5167 -7.125
66.55 -6.305
66.5833 -5.181
66.6167 -3.143
66.65 -0.190
66.6833 0.019
66.7167 -0.990
66.75 -2.609
66.7833 -2.705
66.8167 -2.495
66.85 -2.590
66.8833 -4.514
66.9167 -6.133
66.95 -7.448
66.9833 -9.272
67.0167 -9.367
67.05 -9.157
67.0833 -9.762
67.1167 -11.686
67.15 -11.781
67.1833 -10.862
67.2167 -10.857
67.25 -9.733
67.2833 -8.814
67.3167 -10.129
67.35 -10.429
67.3833 -11.948
67.4167 -10.419
67.45 -11.024
67.4833 -9.800
67.5167 -9.185
67.55 -8.571
67.5833 -7.042
67.6167 -6.733
67.65 -4.594
67.6833 -3.575
67.7167 -5.399
67.75 -5.699
67.7833 -6.204
67.8167 -7.723
67.85 -5.789
67.8833 -5.380
67.9167 -5.985
67.95 -5.270
67.9833 -1.508
68.0167 -0.489
68.05 0.835
68.0833 0.026
68.1167 -0.479
68.15 -3.117
68.1833 -5.046
68.2167 -7.075
68.25 -7.785
68.2833 -8.594
68.3167 -8.999
68.35 -10.723
68.3833 -11.128
68.4167 -11.228
68.45 -11.633
68.4833 -11.733
68.5167 -12.442
68.55 -13.152
68.5833 -13.252
68.6167 -12.437
68.65 -10.404
68.6833 -10.709
68.7167 -10.504
68.75 -9.285
68.7833 -7.861
68.8167 -8.165
68.85 -6.641
68.8833 -6.032
68.9167 -6.641
68.95 -6.032
68.9833 -5.727
69.0167 -5.422
69.05 -5.422
69.0833 -5.322
69.1167 -5.627
69.15 -4.917
69.1833 -6.441
69.2167 -7.561
69.25 -8.170
69.2833 -8.375
69.3167 -7.665
69.35 -6.956
69.3833 -5.637
69.4167 -4.317
69.45 -2.389
69.4833 -1.884
69.5167 -1.784
69.55 -2.903
69.5833 -3.922
69.6167 -3.822
69.65 -5.756
69.6833 -7.080
69.7167 -7.589
69.75 -9.218
69.7833 -10.237
69.8167 -10.952
69.85 -10.447
69.8833 -10.247
69.9167 -10.861
69.95 -10.966
69.9833 -11.071
70.0167 -12.295
70.05 -12.705
70.0833 -16.062
70.1167 -14.948
70.15 -14.343
70.1833 -12.519
70.2167 -11.000
70.25 -10.090
70.2833 -10.195
70.3167 -9.185
70.35 -7.666
70.3833 -6.757
70.4167 -6.761
70.45 -5.242
70.4833 -3.623
70.5167 -2.713
70.55 -1.804
70.5833 -1.709
70.6167 -1.104
70.65 -1.923
70.6833 -3.657
70.7167 -4.476
70.75 -5.395
70.7833 -6.519
70.8167 -5.509
70.85 -4.500
70.8833 -5.319
70.9167 -5.224
70.95 -6.957
70.9833 -7.777
71.0167 -9.110
71.05 -9.315
71.0833 -10.439
71.1167 -11.868
71.15 -11.368
71.1833 -11.273
71.2167 -10.568
71.25 -9.153
71.2833 -9.058
71.3167 -7.949
71.35 -7.144
71.3833 -8.268
71.4167 -9.597
71.45 -9.197
71.4833 -11.135
71.5167 -9.721
71.55 -9.221
71.5833 -8.211
71.6167 -8.321
71.65 -6.601
71.6833 -6.711
71.7167 -5.906
71.75 -7.845
71.7833 -7.649
71.8167 -8.773
71.85 -8.883
71.8833 -8.383
71.9167 -8.188
71.95 -7.688
71.9833 -6.578
72.0167 -5.773
72.05 -4.969
72.0833 -4.164
72.1167 -4.273
72.15 -4.383
72.1833 -6.017
72.2167 -7.041
72.25 -8.065
72.2833 -9.698
72.3167 -10.722
72.35 -9.613
72.3833 -7.589
72.4167 -6.784
72.45 -7.503
72.4833 -8.527
72.5167 -9.551
72.55 -10.880
72.5833 -12.614
72.6167 -14.247
72.65 -15.576
72.6833 -15.076
72.7167 -14.881
72.75 -15.700
72.7833 -13.676
72.8167 -13.481
72.85 -11.152
72.8833 -8.923
72.9167 -8.728
72.95 -6.804
72.9833 -4.780
73.0167 -3.161
73.05 -1.137
73.0833 0.787
73.1167 1.592
73.15 1.382
73.1833 -0.046
73.2167 -2.390
73.25 -4.023
73.2833 -4.842
73.3167 -7.186
73.35 -7.395
73.3833 -8.214
73.4167 -7.814
73.45 -8.024
73.4833 -7.624
73.5167 -7.629
73.55 -8.143
73.5833 -8.353
73.6167 -10.796
73.65 -10.701
73.6833 -12.230
73.7167 -12.134
73.75 -11.225
73.7833 -10.315
73.8167 -10.525
73.85 -10.530
73.8833 -9.620
73.9167 -12.063
73.95 -12.678
73.9833 -13.597
74.0167 -14.821
74.05 -14.926
74.0833 -14.626
74.1167 -12.802
74.15 -11.687
74.1833 -10.473
74.2167 -8.444
74.25 -7.534
74.2833 -6.420
74.3167 -5.915
74.35 -6.630
74.3833 -4.906
74.4167 -2.877
74.45 -2.372
74.4833 -2.782
74.5167 -3.191
74.55 -4.310
74.5833 -4.720
74.6167 -7.668
74.65 -8.382
74.6833 -8.892
74.7167 -8.997
74.75 -11.030
74.7833 -11.540
74.8167 -12.050
74.85 -11.950
74.8833 -12.459
74.9167 -10.835
74.95 -11.445
74.9833 -11.345
75.0167 -11.854
75.05 -12.464
75.0833 -12.974
75.1167 -11.754
75.15 -11.450
75.1833 -10.740
75.2167 -11.350
75.25 -10.740
75.2833 -10.130
75.3167 -8.911
75.35 -7.997
75.3833 -8.097
75.4167 -9.926
75.45 -9.621
75.4833 -10.026
75.5167 -9.111
75.55 -7.687
75.5833 -7.078
75.6167 -6.568
75.65 -6.668
75.6833 -7.378
75.7167 -7.173
75.75 -5.749
75.7833 -6.154
75.8167 -6.558
75.85 -6.963
75.8833 -6.149
75.9167 -6.554
75.95 -5.839
75.9833 -5.634
76.0167 -6.749
76.05 -7.763
76.0833 -8.573
76.1167 -10.602
76.15 -11.006
76.1833 -12.426
76.2167 -13.235
76.25 -13.130
76.2833 -13.330
76.3167 -14.140
76.35 -12.206
76.3833 -10.882
76.4167 -10.473
76.45 -9.454
76.4833 -10.058
76.5167 -11.173
76.55 -10.458
76.5833 -10.758
76.6167 -10.044
76.65 -9.430
76.6833 -9.020
76.7167 -8.710
76.75 -7.182
76.7833 -7.077
76.8167 -5.853
76.85 -5.543
76.8833 -6.148
76.9167 -6.348
76.95 -8.172
76.9833 -7.862
77.0167 -7.248
77.05 -6.024
77.0833 -5.410
77.1167 -4.490
77.15 -4.790
77.1833 -5.395
77.2167 -5.795
77.25 -7.619
77.2833 -9.748
77.3167 -10.048
77.35 -11.058
77.3833 -11.053
77.4167 -10.134
77.45 -10.838
77.4833 -10.224
77.5167 -9.305
77.55 -9.095
77.5833 -11.529
77.6167 -12.234
77.65 -12.229
77.6833 -12.629
77.7167 -12.319
77.75 -11.500
77.7833 -9.057
77.8167 -8.238
77.85 -7.318
77.8833 -6.804
77.9167 -6.494
77.95 -7.809
77.9833 -7.904
78.0167 -8.509
78.05 -8.909
78.0833 -8.699
78.1167 -8.694
78.15 -10.009
78.1833 -11.223
78.2167 -11.014
78.25 -11.414
78.2833 -10.799
78.3167 -9.066
78.35 -8.551
78.3833 -5.803
78.4167 -3.155
78.45 -3.555
78.4833 -2.026
78.5167 -1.817
78.55 -3.641
78.5833 -5.869
78.6167 -6.269
78.65 -8.094
78.6833 -9.713
78.7167 -9.403
78.75 -10.108
78.7833 -10.713
78.8167 -10.503
78.85 -11.718
78.8833 -13.337
78.9167 -13.637
78.95 -14.342
78.9833 -14.642
79.0167 -12.908
79.05 -11.989
79.0833 -11.984
79.1167 -10.860
79.15 -10.855
79.1833 -11.155
79.2167 -9.931
79.25 -8.807
79.2833 -8.497
79.3167 -9.102
79.35 -9.097
79.3833 -10.312
79.4167 -10.002
79.45 -9.083
79.4833 -9.993
79.5167 -8.769
79.55 -6.021
79.5833 -6.016
79.6167 -6.521
79.65 -7.125
79.6833 -6.511
79.7167 -7.725
79.75 -7.925
79.7833 -8.225
79.8167 -9.035
79.85 -9.030
79.8833 -9.535
79.9167 -9.430
79.95 -9.425
79.9833 -10.540
80.0167 -10.130
80.05 -10.635
80.0833 -10.835
80.1167 -12.254
80.15 -12.454
80.1833 -10.825
80.2167 -11.635
80.25 -10.921
80.2833 -10.511
80.3167 -12.135
80.35 -12.945
80.3833 -13.959
80.4167 -13.854
80.45 -13.649
80.4833 -13.545
80.5167 -13.035
80.55 -11.306
80.5833 -10.492
80.6167 -8.458
80.65 -6.425
80.6833 -4.696
80.7167 -5.101
80.75 -3.067
80.7833 -2.862
80.8167 -2.962
80.85 -2.048
80.8833 -2.148
80.9167 -2.453
80.95 -2.857
80.9833 -4.077
81.0167 -5.905
81.05 -6.820
81.0833 -8.139
81.1167 -9.053
81.15 -10.882
81.1833 -12.101
81.2167 -12.306
81.25 -11.392
81.2833 -10.173
81.3167 -9.258
81.35 -9.158
81.3833 -9.158
81.4167 -9.363
81.45 -10.177
81.4833 -11.701
81.5167 -11.906
81.55 -13.025
81.5833 -12.621
81.6167 -13.740
81.65 -12.421
81.6833 -12.016
81.7167 -12.221
81.75 -11.206
81.7833 -11.411
81.8167 -12.430
81.85 -13.549
81.8833 -13.449
81.9167 -13.249
81.95 -11.525
81.9833 -11.121
82.0167 -9.701
82.05 -8.587
82.0833 -7.268
82.1167 -7.373
82.15 -7.173
82.1833 -6.363
82.2167 -5.858
82.25 -5.963
82.2833 -6.982
82.3167 -6.782
82.35 -7.092
82.3833 -5.977
82.4167 -6.997
82.45 -7.001
82.4833 -9.545
82.5167 -10.769
82.55 -12.397
82.5833 -12.707
82.6167 -12.812
82.65 -14.036
82.6833 -14.041
82.7167 -14.755
82.75 -14.455
82.7833 -15.679
82.8167 -14.769
82.85 -15.689
82.8833 -15.794
82.9167 -17.627
82.95 -18.242
82.9833 -17.332
83.0167 -17.532
83.05 -15.718
83.0833 -13.284
83.1167 -11.765
83.15 -10.550
83.1833 -9.031
83.2167 -9.341
83.25 -8.331
83.2833 -6.812
83.3167 -6.207
83.35 -7.026
83.3833 -6.726
83.4167 -6.426
83.45 -6.636
83.4833 -6.641
83.5167 -8.374
83.55 -10.208
83.5833 -10.722
83.6167 -12.251
83.65 -13.375
83.6833 -14.294
83.7167 -14.504
83.75 -15.118
83.7833 -14.109
83.8167 -14.114
83.85 -14.018
83.8833 -14.228
83.9167 -13.014
83.95 -12.918
83.9833 -13.228
84.0167 -14.352
84.05 -13.342
84.0833 -12.128
84.1167 -13.557
84.15 -13.562
84.1833 -12.857
84.2167 -12.762
84.25 -13.071
84.2833 -12.366
84.3167 -12.066
84.35 -11.971
84.3833 -11.876
84.4167 -12.186
84.45 -11.786
84.4833 -12.705
84.5167 -11.695
84.55 -11.700
84.5833 -11.300
84.6167 -10.390
84.65 -9.381
84.6833 -9.081
84.7167 -10.000
84.75 -9.905
84.7833 -9.910
84.8167 -9.914
84.85 -9.210
84.8833 -7.995
84.9167 -6.476
84.95 -7.700
84.9833 -8.519
85.0167 -9.134
85.05 -11.882
85.0833 -13.410
85.1167 -14.025
85.15 -14.639
85.1833 -14.949
85.2167 -14.954
85.25 -14.958
85.2833 -13.844
85.3167 -13.239
85.35 -13.244
85.3833 -12.030
85.4167 -10.001
85.45 -10.310
85.4833 -10.415
85.5167 -9.810
85.55 -11.134
85.5833 -10.530
85.6167 -8.196
85.65 -10.130
85.6833 -9.930
85.7167 -10.644
85.75 -11.663
85.7833 -11.973
85.8167 -12.482
85.85 -12.587
85.8833 -11.778
85.9167 -12.187
85.95 -10.768
85.9833 -8.534
86.0167 -7.725
86.05 -6.406
86.0833 -6.206
86.1167 -5.191
86.15 -5.396
86.1833 -4.891
86.2167 -5.401
86.25 -6.215
86.2833 -7.030
86.3167 -8.149
86.35 -9.268
86.3833 -9.878
86.4167 -10.387
86.45 -9.982
86.4833 -9.982
86.5167 -9.578
86.55 -9.578
86.5833 -10.187
86.6167 -10.087
86.65 -10.392
86.6833 -11.002
86.7167 -11.611
86.75 -11.916
86.7833 -12.830
86.8167 -13.135
86.85 -12.321
86.8833 -11.406
86.9167 -10.797
86.95 -9.982
86.9833 -10.592
87.0167 -9.778
87.05 -8.658
87.0833 -6.830
87.1167 -5.406
87.15 -4.591
87.1833 -3.777
87.2167 -3.877
87.25 -3.672
87.2833 -3.567
87.3167 -2.753
87.35 -3.462
87.3833 -4.577
87.4167 -4.677
87.45 -5.182
87.4833 -7.720
87.5167 -9.139
87.55 -9.339
87.5833 -10.658
87.6167 -11.163
87.65 -10.754
87.6833 -10.649
87.7167 -11.154
87.75 -11.658
87.7833 -10.739
87.8167 -10.634
87.85 -11.139
87.8833 -9.815
87.9167 -9.810
87.95 -7.877
87.9833 -7.567
88.0167 -8.377
88.05 -7.153
88.0833 -6.538
88.1167 -5.214
88.15 -3.381
88.1833 -3.681
88.2167 -3.371
88.25 -4.281
88.2833 -4.276
88.3167 -4.576
88.35 -5.181
88.3833 -6.090
88.4167 -5.171
88.45 -4.862
88.4833 -4.652
88.5167 -3.733
88.55 -3.118
88.5833 -4.128
88.6167 -5.038
88.65 -6.252
88.6833 -6.652
88.7167 -7.257
88.75 -8.266
88.7833 -7.752
88.8167 -6.833
88.85 -6.928
88.8833 -7.633
88.9167 -7.628
88.95 -7.418
88.9833 -7.818
89.0167 -7.609
89.05 -7.909
89.0833 -8.614
89.1167 -7.794
89.15 -8.194
89.1833 -7.070
89.2167 -6.556
89.25 -7.261
89.2833 -5.527
89.3167 -5.927
89.35 -6.632
89.3833 -5.813
89.4167 -5.603
89.45 -5.394
89.4833 -3.965
89.5167 -3.755
89.55 -2.936
89.5833 -2.826
89.6167 -2.617
89.65 -3.017
89.6833 -3.721
89.7167 -3.817
89.75 -3.912
89.7833 -3.193
89.8167 -4.202
89.85 -3.688
89.8833 -4.697
89.9167 -3.978
89.95 -3.769
89.9833 -4.473
90.0167 -3.959
90.05 -5.069
90.0833 -4.554
90.1167 -4.954
90.15 -5.659
90.1833 -5.854
90.2167 -5.949
90.25 -3.606
90.2833 -3.701
90.3167 -3.897
90.35 -3.992
90.3833 -4.087
90.4167 -4.487
90.45 -4.073
90.4833 -4.473
90.5167 -5.787
90.55 -4.968
90.5833 -4.149
90.6167 -3.939
90.65 -3.220
90.6833 -3.315
90.7167 -1.886
90.75 -0.457
90.7833 -0.248
90.8167 1.486
90.85 1.391
90.8833 1.905
90.9167 1.810
90.95 2.629
90.9833 3.753
91.0167 2.743
91.05 2.953
91.0833 2.553
91.1167 0.629
91.15 0.229
91.1833 -0.681
91.2167 -1.385
91.25 -1.176
91.2833 -1.271
91.3167 -0.961
91.35 0.772
91.3833 0.372
91.4167 0.987
91.45 -0.023
91.4833 0.591
91.5167 0.496
91.55 0.196
91.5833 -1.118
91.6167 -1.113
91.65 -2.633
91.6833 -2.933
91.7167 -3.028
91.75 -3.023
91.7833 -2.713
91.8167 -1.489
91.85 -2.094
91.8833 -1.785
91.9167 -1.170
91.95 -1.775
91.9833 -0.551
92.0167 0.468
92.05 1.387
92.0833 1.697
92.1167 2.411
92.15 2.416
92.1833 1.911
92.2167 1.307
92.25 0.192
92.2833 -2.446
92.3167 -2.746
92.35 -2.641
92.3833 -4.670
92.4167 -3.956
92.45 -2.632
92.4833 -2.832
92.5167 -2.422
92.55 -0.998
92.5833 -1.198
92.6167 -0.789
92.65 -0.584
92.6833 -1.089
92.7167 -0.579
92.75 -0.169
92.7833 0.035
92.8167 -0.065
92.85 0.040
92.8833 1.159
92.9167 -0.160
92.95 0.350
92.9833 -0.869
93.0167 0.250
93.05 -1.679
93.0833 -2.693
93.1167 -1.779
93.15 -2.793
93.1833 -3.708
93.2167 -3.198
93.25 -2.893
93.2833 -2.893
93.3167 -2.284
93.35 -2.589
93.3833 -2.589
93.4167 -0.455
93.45 -0.150
93.4833 0.155
93.5167 0.155
93.55 0.255
93.5833 -0.050
93.6167 -0.865
93.65 -1.169
93.6833 -1.069
93.7167 -1.274
93.75 -0.869
93.7833 0.350
93.8167 -1.074
93.85 -1.279
93.8833 -1.079
93.9167 -0.979
93.95 -1.793
93.9833 -1.693
94.0167 -0.884
94.05 0.435
94.0833 0.635
94.1167 0.735
94.15 1.850
94.1833 1.745
94.2167 1.945
94.25 2.450
94.2833 1.735
94.3167 1.631
94.35 1.526
94.3833 0.811
94.4167 0.097
94.45 -1.127
94.4833 -2.451
94.5167 -1.337
94.55 -1.341
94.5833 -1.446
94.6167 -0.537
94.65 0.068
94.6833 -1.256
94.7167 -0.651
94.75 -1.265
94.7833 -1.575
94.8167 -0.056
94.85 0.244
94.8833 -0.980
94.9167 -1.289
94.95 -1.194
94.9833 -1.504
95.0167 -1.613
95.05 -1.718
95.0833 -2.028
95.1167 -2.847
95.15 -2.852
95.1833 -1.842
95.2167 -0.628
95.25 -1.142
95.2833 -1.352
95.3167 -1.866
95.35 -1.261
95.3833 -0.861
95.4167 -1.071
95.45 -0.366
95.4833 -1.795
95.5167 -2.309
95.55 -2.214
95.5833 -2.324
95.6167 -1.314
95.65 -1.524
95.6833 -1.124
95.7167 -0.419
95.75 0.386
95.7833 -0.433
95.8167 -0.338
95.85 -1.667
95.8833 -3.401
95.9167 -3.510
95.95 -4.634
95.9833 -4.439
96.0167 -3.734
96.05 -5.368
96.0833 -5.882
96.1167 -4.468
96.15 -4.577
96.1833 -4.787
96.2167 -3.068
96.25 -2.363
96.2833 -3.387
96.3167 -2.887
96.35 -2.082
96.3833 -1.987
96.4167 -0.268
96.45 -0.377
96.4833 -1.197
96.5167 -0.697
96.55 -2.330
96.5833 -3.659
96.6167 -2.040
96.65 -2.149
96.6833 -3.173
96.7167 -2.978
96.75 -3.493
96.7833 -3.297
96.8167 -3.102
96.85 -3.212
96.8833 -4.945
96.9167 -5.360
96.95 -5.165
96.9833 -5.984
97.0167 -5.789
97.05 -5.289
97.0833 -5.498
97.1167 -5.608
97.15 -5.108
97.1833 -5.927
97.2167 -4.818
97.25 -5.027
97.2833 -4.222
97.3167 -5.042
97.35 -4.846
97.3833 -4.142
97.4167 -4.351
97.45 -3.546
97.4833 -2.842
97.5167 -1.832
97.55 -1.942
97.5833 -1.542
97.6167 -1.142
97.65 -1.656
97.6833 -1.256
97.7167 -0.551
97.75 -1.675
97.7833 -1.580
97.8167 -1.790
97.85 -2.609
97.8833 -2.818
97.9167 -2.518
97.95 -3.338
97.9833 -3.547
98.0167 -4.466
98.05 -5.895
98.0833 -7.424
98.1167 -7.024
98.15 -6.419
98.1833 -6.119
98.2167 -6.329
98.25 -6.334
98.2833 -5.119
98.3167 -5.124
98.35 -4.824
98.3833 -3.000
98.4167 -3.310
98.45 -3.924
98.4833 -2.810
98.5167 -2.510
98.55 -2.210
98.5833 -2.010
98.6167 -2.624
98.65 -2.729
98.6833 -2.834
98.7167 -3.753
98.75 -3.553
98.7833 -3.658
98.8167 -4.372
98.85 -3.258
98.8833 -3.058
98.9167 -2.858
98.95 -2.658
98.9833 -2.253
99.0167 -2.053
99.05 -2.158
99.0833 -2.362
99.1167 -3.482
99.15 -4.196
99.1833 -5.010
99.2167 -3.691
99.25 -4.201
99.2833 -4.406
99.3167 -4.001
99.35 -4.815
99.3833 -4.715
99.4167 -5.225
99.45 -6.444
99.4833 -6.039
99.5167 -6.649
99.55 -7.768
99.5833 -6.854
99.6167 -6.549
99.65 -7.058
99.6833 -6.754
99.7167 -5.839
99.75 -5.839
99.7833 -4.925
99.8167 -4.415
99.85 -4.720
99.8833 -3.806
99.9167 -3.501
99.95 -2.991
99.9833 -3.906
100.017 -2.786
100.05 -3.191
100.083 -3.191
100.117 -2.072
100.15 -1.258
100.183 -1.053
100.217 0.066
100.25 0.271
100.283 -1.353
100.317 -2.062
100.35 -1.653
100.383 -2.667
100.417 -2.462
100.45 -3.272
100.483 -4.286
100.517 -4.486
100.55 -4.282
100.583 -4.786
100.617 -6.206
100.65 -5.796
100.683 -6.910
100.717 -7.925
100.75 -8.125
100.783 -8.325
100.817 -6.796
100.85 -7.301
100.883 -7.806
100.917 -6.177
100.95 -5.462
100.983 -6.067
101.017 -5.353
101.05 -4.334
101.083 -3.719
101.117 -2.700
101.15 -3.000
101.183 -2.386
101.217 -2.586
101.25 -2.276
101.283 -1.662
101.317 -1.657
101.35 -1.552
101.383 -1.852
101.417 -2.457
101.45 -2.147
101.483 -1.228
101.517 -0.614
101.55 -0.914
101.583 -1.214
101.617 -0.599
101.65 0.015
101.683 -1.604
101.717 -1.904
101.75 -1.594
101.783 -3.114
101.817 -4.023
101.85 -4.728
101.883 -6.247
101.917 -7.462
101.95 -9.081
101.983 -8.771
102.017 -8.866
102.05 -9.776
102.083 -9.466
102.117 -8.038
102.15 -7.423
102.183 -8.128
102.217 -7.209
102.25 -7.304
102.283 -6.690
102.317 -6.785
102.35 -5.966
102.383 -5.961
102.417 -5.142
102.45 -3.003
102.483 -3.098
102.517 -2.484
102.55 -2.274
102.583 -2.065
102.617 -1.145
102.65 -1.545
102.683 -1.336
102.717 -1.636
102.75 -2.036
102.783 -2.641
102.817 -2.431
102.85 -3.136
102.883 -2.826
102.917 -3.531
102.95 -4.136
102.983 -3.926
103.017 -4.226
103.05 -5.541
103.083 -5.636
103.117 -7.765
103.15 -8.165
103.183 -8.160
103.217 -8.560
103.25 -7.945
103.283 -7.026
103.317 -7.121
103.35 -6.507
103.383 -5.993
103.417 -6.902
103.45 -5.983
103.483 -7.297
103.517 -7.597
103.55 -7.288
103.583 -7.078
103.617 -8.293
103.65 -8.288
103.683 -7.978
103.717 -8.888
103.75 -8.578
103.783 -8.269
103.817 -8.569
103.85 -7.345
103.883 -5.816
103.917 -3.677
103.95 -2.149
103.983 -2.144
104.017 -0.920
104.05 -1.729
104.083 -1.420
104.117 -1.110
104.15 -2.225
104.183 -2.220
104.217 -3.129
104.25 -3.939
104.283 -3.629
104.317 -4.439
104.35 -4.334
104.383 -4.634
104.417 -6.358
104.45 -6.863
104.483 -6.758
104.517 -8.177
104.55 -8.987
104.583 -8.882
104.617 -9.082
104.65 -8.673
104.683 -10.092
104.717 -9.887
104.75 -8.868
104.783 -8.458
104.817 -7.949
104.85 -6.320
104.883 -5.505
104.917 -5.401
104.95 -4.281
104.983 -3.162
105.017 -2.348
105.05 -1.838
105.083 -0.719
105.117 0.400
105.15 0.605
105.183 0.505
105.217 0.405
105.25 -0.305
105.283 -0.305
105.317 -1.319
105.35 -1.419
105.383 -2.943
105.417 -2.333
105.45 -3.348
105.483 -4.262
105.517 -5.177
105.55 -6.091
105.583 -7.615
105.617 -8.529
105.65 -9.139
105.683 -8.529
105.717 -8.529
105.75 -8.834
105.783 -8.429
105.817 -8.429
105.85 -9.244
105.883 -9.853
105.917 -10.058
105.95 -9.144
105.983 -9.653
106.017 -9.249
106.05 -8.234
106.083 -7.829
106.117 -6.510
106.15 -6.715
106.183 -5.396
106.217 -4.381
106.25 -4.891
106.283 -4.181
106.317 -3.981
106.35 -1.748
106.383 -2.767
106.417 -2.057
106.45 -1.248
106.483 -1.453
106.517 -1.253
106.55 -1.053
106.583 -1.157
106.617 -2.277
106.65 -1.162
106.683 -3.401
106.717 -4.420
106.75 -5.134
106.783 -7.068
106.817 -8.392
106.85 -7.482
106.883 -8.806
106.917 -9.825
106.95 -9.321
106.983 -9.935
107.017 -11.254
107.05 -10.045
107.083 -10.759
107.117 -9.240
107.15 -8.125
107.183 -7.521
107.217 -6.711
107.25 -6.411
107.283 -5.806
107.317 -4.897
107.35 -5.306
107.383 -5.311
107.417 -4.706
107.45 -5.016
107.483 -4.106
107.517 -3.197
107.55 -3.201
107.583 -4.121
107.617 -2.601
107.65 -2.606
107.683 -2.306
107.717 -2.311
107.75 -1.706
107.783 -1.711
107.817 -1.411
107.85 -1.316
107.883 -1.625
107.917 -2.545
107.95 -3.769
107.983 -4.688
108.017 -4.897
108.05 -6.121
108.083 -8.565
108.117 -8.165
108.15 -9.084
108.183 -7.869
108.217 -7.165
108.25 -8.084
108.283 -7.784
108.317 -7.384
108.35 -6.779
108.383 -6.074
108.417 -6.384
108.45 -5.474
108.483 -5.989
108.517 -5.079
108.55 -4.374
108.583 -4.074
108.617 -4.994
108.65 -4.289
108.683 -4.294
108.717 -2.674
108.75 -2.984
108.783 -2.379
108.817 -2.894
108.85 -1.984
108.883 -0.669
108.917 -1.589
108.95 -1.289
108.983 -0.279
109.017 -1.503
109.05 -0.898
109.083 -0.803
109.117 -0.808
109.15 -0.203
109.183 0.402
109.217 -0.418
109.25 -0.727
109.283 -1.646
109.317 -1.651
109.35 -2.266
109.383 -3.694
109.417 -4.309
109.45 -4.618
109.483 -5.842
109.517 -5.542
109.55 -6.462
109.583 -6.162
109.617 -5.962
109.65 -6.576
109.683 -5.666
109.717 -5.366
109.75 -4.762
109.783 -4.562
109.817 -4.566
109.85 -3.047
109.883 -1.628
109.917 -2.547
109.95 -2.652
109.983 -2.047
110.017 -2.152
110.05 -1.647
110.083 -0.433
110.117 -0.538
110.15 -1.252
110.183 0.167
110.217 -0.547
110.25 -0.957
110.283 -0.452
110.317 0.662
110.35 0.558
110.383 2.586
110.417 0.958
110.45 0.448
110.483 1.258
110.517 0.748
110.55 -0.576
110.583 -0.476
110.617 -1.495
110.65 -2.310
110.683 -3.124
110.717 -3.634
110.75 -5.058
110.783 -3.434
110.817 -4.553
110.85 -4.758
110.883 -3.743
110.917 -2.729
110.95 -3.034
110.983 -2.934
111.017 -3.848
111.05 -2.834
111.083 -3.443
111.117 -3.138
111.15 -2.429
111.183 -1.819
111.217 -1.514
111.25 -0.295
111.283 -0.905
111.317 -1.819
111.35 -2.224
111.383 -2.224
111.417 -2.224
111.45 -1.714
111.483 -1.105
111.517 -0.900
111.55 -1.000
111.583 -0.086
111.617 0.119
111.65 0.019
111.683 1.138
111.717 1.343
111.75 2.158
111.783 2.058
111.817 2.262
111.85 1.148
111.883 2.267
111.917 2.067
111.95 1.053
111.983 0.853
112.017 -0.466
112.05 -0.666
112.083 -1.781
112.117 -2.490
112.15 -3.910
112.183 -4.719
112.217 -6.138
112.25 -5.424
112.283 -5.624
112.317 -6.229
112.35 -6.429
112.383 -6.934
112.417 -5.610
112.45 -5.300
112.483 -3.366
112.517 -2.752
112.55 -1.428
112.583 -2.642
112.617 -2.538
112.65 -1.923
112.683 -1.918
112.717 -1.609
112.75 -0.590
112.783 -0.890
112.817 0.030
112.85 -0.880
112.883 -0.875
112.917 -0.566
112.95 -0.256
112.983 0.663
113.017 1.178
113.05 1.487
113.083 2.406
113.117 1.802
113.15 1.706
113.183 1.102
113.217 0.497
113.25 -0.818
113.283 -2.032
113.317 -3.246
113.35 -3.951
113.383 -5.166
113.417 -5.870
113.45 -6.575
113.483 -5.961
113.517 -5.446
113.55 -5.746
113.583 -5.842
113.617 -5.022
113.65 -4.713
113.683 -4.198
113.717 -4.903
113.75 -4.389
113.783 -3.774
113.817 -4.174
113.85 -3.965
113.883 -3.450
113.917 -3.445
113.95 -2.626
113.983 -1.502
114.017 -1.293
114.05 -0.778
114.083 0.651
114.117 1.470
114.15 1.070
114.183 2.803
114.217 1.894
114.25 1.799
114.283 1.399
114.317 0.389
114.35 -0.011
114.383 -0.106
114.417 -1.421
114.45 -1.516
114.483 -1.916
114.517 -1.706
114.55 -2.411
114.583 -1.592
114.617 -1.382
114.65 -0.258
114.683 -0.963
114.717 -1.058
114.75 -1.763
114.783 -1.149
114.817 -2.463
114.85 -2.863
114.883 -3.568
114.917 -4.273
114.95 -4.063
114.983 -3.244
115.017 -3.339
115.05 -2.825
115.083 -1.091
115.117 1.047
115.15 0.647
115.183 0.247
115.217 -0.457
115.25 0.362
115.283 0.976
115.317 0.576
115.35 0.786
115.383 0.995
115.417 1.610
115.45 1.210
115.483 1.115
115.517 0.510
115.55 1.024
115.583 1.943
115.617 0.934
115.65 1.243
115.683 0.539
115.717 0.239
115.75 -0.466
115.783 -1.071
115.817 -1.981
115.85 -3.600
115.883 -2.985
115.917 -3.895
115.95 -3.990
115.983 -2.766
116.017 -3.066
116.05 -3.671
116.083 -2.447
116.117 -1.223
116.15 -1.828
116.183 -2.128
116.217 -0.904
116.25 -0.899
116.283 -0.894
116.317 -0.180
116.35 -0.785
116.383 -0.780
116.417 -0.980
116.45 -1.585
116.483 -2.494
116.517 -1.475
116.55 -1.065
116.583 -1.365
116.617 -0.346
116.65 -0.546
116.683 -2.065
116.717 -0.741
116.75 -0.941
116.783 -1.751
116.817 0.487
116.85 -0.017
116.883 -0.217
116.917 -0.622
116.95 -1.432
116.983 -1.022
117.017 -1.732
117.05 -1.932
117.083 -2.032
117.117 -2.537
117.15 -2.941
117.183 -2.837
117.217 -1.717
117.25 -2.122
117.283 -2.527
117.317 -1.103
117.35 -0.898
117.383 -0.693
117.417 -1.098
117.45 -0.793
117.483 -0.589
117.517 -0.993
117.55 -0.384
117.583 0.126
117.617 -0.179
117.65 -0.789
117.683 0.026
117.717 -0.279
117.75 -1.193
117.783 -0.279
117.817 -0.279
117.85 -0.584
117.883 0.940
117.917 0.940
117.95 1.040
117.983 1.345
118.017 0.835
118.05 1.750
118.083 0.631
118.117 0.326
118.15 1.035
118.183 0.831
118.217 0.626
118.25 0.421
118.283 0.521
118.317 -0.293
118.35 -0.193
118.383 -0.093
118.417 0.007
118.45 -0.708
118.483 -0.303
118.517 -0.408
118.55 -0.003
118.583 1.111
118.617 -0.008
118.65 -1.332
118.683 -0.827
118.717 -0.322
118.75 -0.427
118.783 0.078
118.817 0.887
118.85 0.173
118.883 0.678
118.917 -0.341
118.95 -0.041
118.983 -0.451
119.017 -0.346
119.05 0.354
119.083 0.249
119.117 0.244
119.15 0.239
119.183 -0.170
119.217 -0.785
119.25 -0.485
119.283 -0.794
119.317 0.115
119.35 0.011
119.383 -1.213
119.417 -0.813
119.45 0.096
119.483 -0.213
119.517 -0.828
119.55 -1.747
119.583 -2.261
119.617 -2.876
119.65 -2.881
119.683 -3.395
119.717 -3.705
119.75 -4.524
119.783 -5.443
119.817 -4.738
119.85 -3.524
119.883 -3.124
119.917 -2.114
119.95 0.115
119.983 -0.195
120.017 0.510
120.05 0.605
120.083 -1.129
120.117 -0.729
120.15 -1.243
120.183 -2.977
120.217 -3.186
120.25 -4.005
120.283 -4.825
120.317 -4.425
120.35 -4.634
120.383 -4.844
120.417 -4.444
120.45 -4.249
120.483 -4.763
120.517 -4.058
120.55 -3.049
120.583 -3.158
120.617 -2.758
120.65 -2.358
120.683 -1.349
120.717 -2.677
120.75 -2.887
120.783 -1.877
120.817 -3.206
120.85 -4.025
120.883 -3.221
120.917 -3.430
120.95 -2.116
120.983 -3.140
121.017 -3.959
121.05 -4.373
121.083 -4.583
121.117 -4.997
121.15 -5.817
121.183 -6.331
121.217 -5.221
121.25 -5.736
121.283 -6.150
121.317 -6.360
121.35 -5.655
121.383 -4.850
121.417 -5.060
121.45 -4.965
121.483 -4.769
121.517 -4.369
121.55 -4.884
121.583 -4.384
121.617 -3.984
121.65 -3.584
121.683 -2.169
121.717 -2.989
121.75 -2.894
121.783 -3.713
121.817 -3.008
121.85 -3.422
121.883 -3.632
121.917 -3.232
121.95 -3.442
121.983 -2.127
122.017 -2.337
122.05 -2.851
122.083 -2.146
122.117 -1.846
122.15 -2.970
122.183 -3.485
122.217 -3.390
122.25 -4.514
122.283 -5.738
122.317 -6.862
122.35 -7.171
122.383 -5.857
122.417 -6.371
122.45 -5.157
122.483 -4.552
122.517 -4.457
122.55 -4.157
122.583 -4.162
122.617 -4.776
122.65 -5.900
122.683 -6.210
122.717 -5.910
122.75 -6.829
122.783 -6.224
122.817 -5.110
122.85 -4.200
122.883 -4.814
122.917 -4.819
122.95 -5.229
122.983 -5.538
123.017 -5.034
123.05 -4.734
123.083 -4.534
123.117 -4.029
123.15 -4.338
123.183 -4.443
123.217 -3.938
123.25 -4.348
123.283 -4.453
123.317 -3.643
123.35 -4.053
123.383 -4.258
123.417 -3.753
123.45 -4.162
123.483 -5.282
123.517 -4.472
123.55 -4.677
123.583 -4.882
123.617 -4.072
123.65 -4.886
123.683 -3.872
123.717 -3.162
123.75 -4.282
123.783 -4.182
123.817 -4.082
123.85 -6.115
123.883 -5.201
123.917 -5.101
123.95 -6.320
123.983 -5.915
124.017 -6.525
124.05 -7.034
124.083 -7.949
124.117 -8.254
124.15 -7.644
124.183 -8.863
124.217 -8.863
124.25 -7.949
124.283 -7.339
124.317 -7.644
124.35 -6.220
124.383 -5.915
124.417 -5.610
124.45 -5.406
124.483 -4.591
124.517 -5.506
124.55 -4.996
124.583 -4.182
124.617 -4.891
124.65 -4.586
124.683 -3.467
124.717 -4.177
124.75 -4.377
124.783 -4.172
124.817 -4.577
124.85 -3.458
124.883 -4.267
124.917 -4.672
124.95 -5.991
124.983 -5.582
125.017 -6.086
125.05 -6.186
125.083 -6.996
125.117 -6.891
125.15 -6.382
125.183 -5.362
125.217 -5.867
125.25 -4.238
125.283 -3.829
125.317 -3.114
125.35 -3.010
125.383 -2.395
125.417 -2.595
125.45 -2.186
125.483 -2.386
125.517 -3.600
125.55 -3.190
125.583 -2.476
125.617 -3.081
125.65 -2.976
125.683 -2.666
125.717 -3.271
125.75 -3.166
125.783 -4.381
125.817 -4.986
125.85 -4.271
125.883 -3.352
125.917 -3.957
125.95 -3.952
125.983 -4.252
126.017 -4.552
126.05 -3.938
126.083 -2.104
126.117 -3.014
126.15 -2.399
126.183 -0.870
126.217 -2.390
126.25 -1.775
126.283 -1.466
126.317 -2.170
126.35 -2.166
126.383 -2.466
126.417 -2.461
126.45 -2.456
126.483 -2.246
126.517 -3.461
126.55 -4.675
126.583 -4.466
126.617 -4.461
126.65 -3.542
126.683 -3.027
126.717 -3.022
126.75 -1.898
126.783 -1.284
126.817 -0.769
126.85 -1.374
126.883 -2.284
126.917 -2.379
126.95 -2.984
126.983 -3.384
127.017 -3.379
127.05 -3.779
127.083 -4.079
127.117 -4.479
127.15 -4.474
127.183 -3.045
127.217 -3.041
127.25 -3.441
127.283 -3.436
127.317 -3.431
127.35 -2.917
127.383 -1.997
127.417 -2.397
127.45 -1.783
127.483 -1.269
127.517 -1.264
127.55 -1.359
127.583 -1.354
127.617 -2.264
127.65 -1.749
127.683 -1.745
127.717 -2.349
127.75 -2.749
127.783 -3.049
127.817 -3.349
127.85 -4.054
127.883 -3.745
127.917 -3.740
127.95 -3.430
127.983 -4.340
128.017 -3.725
128.05 -4.430
128.083 -4.121
128.117 -3.506
128.15 -3.501
128.183 -3.497
128.217 -2.577
128.25 -4.097
128.283 -3.787
128.317 -3.682
128.35 -3.068
128.383 -3.063
128.417 -1.534
128.45 -2.444
128.483 -2.949
128.517 -2.639
128.55 -2.329
128.583 -2.529
128.617 -2.829
128.65 -2.725
128.683 -4.244
128.717 -3.529
128.75 -3.120
128.783 -3.420
128.817 -3.925
128.85 -4.734
128.883 -3.715
128.917 -3.915
128.95 -4.115
128.983 -3.401
129.017 -4.515
129.05 -4.715
129.083 -4.305
129.117 -4.810
129.15 -6.534
129.183 -5.110
129.217 -4.396
129.25 -3.986
129.283 -4.086
129.317 -4.186
129.35 -4.996
129.383 -6.315
129.417 -6.820
129.45 -6.920
129.483 -7.325
129.517 -6.815
129.55 -5.391
129.583 -5.186
129.617 -4.372
129.65 -2.948
129.683 -3.353
129.717 -3.962
129.75 -4.672
129.783 -6.601
129.817 -8.125
129.85 -7.615
129.883 -7.615
129.917 -7.615
129.95 -6.191
129.983 -6.801
130.017 -5.581
130.05 -5.581
130.083 -6.496
130.117 -4.362
130.15 -4.362
130.183 -4.362
130.217 -4.362
130.25 -3.753
130.283 -3.348
130.317 -3.348
130.35 -2.943
130.383 -3.248
130.417 -3.453
130.45 -3.757
130.483 -3.962
130.517 -4.777
130.55 -6.301
130.583 -6.201
130.617 -5.796
130.65 -5.696
130.683 -6.205
130.717 -3.972
130.75 -3.567
130.783 -4.586
130.817 -5.401
130.85 -5.910
130.883 -7.234
130.917 -8.353
130.95 -7.034
130.983 -7.444
131.017 -7.244
131.05 -6.534
131.083 -7.249
131.117 -6.844
131.15 -6.644
131.183 -6.749
131.217 -6.853
131.25 -5.739
131.283 -5.539
131.317 -5.949
131.35 -5.444
131.383 -5.549
131.417 -5.653
131.45 -6.368
131.483 -7.082
131.517 -6.882
131.55 -7.192
131.583 -6.992
131.617 -6.487
131.65 -5.068
131.683 -5.377
131.717 -6.397
131.75 -5.487
131.783 -6.201
131.817 -5.597
131.85 -5.092
131.883 -5.097
131.917 -4.897
131.95 -4.901
131.983 -4.906
132.017 -4.401
132.05 -4.101
132.083 -4.106
132.117 -2.587
132.15 -2.692
132.183 -3.001
132.217 -3.311
132.25 -4.535
132.283 -5.454
132.317 -6.373
132.35 -5.159
132.383 -4.959
132.417 -5.269
132.45 -5.578
132.483 -6.497
132.517 -6.807
132.55 -5.593
132.583 -6.512
132.617 -7.431
132.65 -8.045
132.683 -6.221
132.717 -4.907
132.75 -4.912
132.783 -4.917
132.817 -6.445
132.85 -6.145
132.883 -5.845
132.917 -5.241
132.95 -5.245
132.983 -4.336
133.017 -4.341
133.05 -4.550
133.083 -4.555
133.117 -3.950
133.15 -4.565
133.183 -3.960
133.217 -4.574
133.25 -5.494
133.283 -3.974
133.317 -5.198
133.35 -4.189
133.383 -4.803
133.417 -4.808
133.45 -4.508
133.483 -4.208
133.517 -3.908
133.55 -2.998
133.583 -3.003
133.617 -3.922
133.65 -3.013
133.683 -3.322
133.717 -3.632
133.75 -4.551
133.783 -4.556
133.817 -5.475
133.85 -5.480
133.883 -4.875
133.917 -5.490
133.95 -6.104
133.983 -7.123
134.017 -7.128
134.05 -6.828
134.083 -6.528
134.117 -7.242
134.15 -5.723
134.183 -5.423
134.217 -5.528
134.25 -5.533
134.283 -4.014
134.317 -4.728
134.35 -5.342
134.383 -4.533
134.417 -4.333
134.45 -4.338
134.483 -3.833
134.517 -4.242
134.55 -3.333
134.583 -3.438
134.617 -5.066
134.65 -4.866
134.683 -4.666
134.717 -6.295
134.75 -7.010
134.783 -5.590
134.817 -5.390
134.85 -3.971
134.883 -3.871
134.917 -3.671
134.95 -3.776
134.983 -3.981
135.017 -4.390
135.05 -4.900
135.083 -5.714
135.117 -5.514
135.15 -6.024
135.183 -6.838
135.217 -6.434
135.25 -6.029
135.283 -5.929
135.317 -4.610
135.35 -4.510
135.383 -4.714
135.417 -4.310
135.45 -4.310
135.483 -4.819
135.517 -5.329
135.55 -4.414
135.583 -4.314
135.617 -4.314
135.65 -3.705
135.683 -1.571
135.717 -1.266
135.75 -1.876
135.783 -1.571
135.817 -0.962
135.85 -0.962
135.883 -0.657
135.917 -0.047
135.95 -1.366
135.983 -1.671
136.017 -2.686
136.05 -2.686
136.083 -2.786
136.117 -3.090
136.15 -1.666
136.183 -1.157
136.217 -1.866
136.25 -1.662
136.283 -2.371
136.317 -2.776
136.35 -3.181
136.383 -3.076
136.417 -3.176
136.45 -2.362
136.483 -2.562
136.517 -2.966
136.55 -3.471
136.583 -4.486
136.617 -4.990
136.65 -5.800
136.683 -5.900
136.717 -5.795
136.75 -5.081
136.783 -4.671
136.817 -3.652
136.85 -2.938
136.883 -1.918
136.917 -2.423
136.95 -2.014
136.983 -1.704
137.017 -0.990
137.05 0.030
137.083 0.644
137.117 0.444
137.15 -0.466
137.183 -0.056
137.217 1.473
137.25 0.663
137.283 -0.856
137.317 -1.461
137.35 -1.356
137.383 -1.961
137.417 -3.175
137.45 -4.390
137.483 -3.775
137.517 -4.280
137.55 -3.970
137.583 -3.051
137.617 -3.351
137.65 -3.042
137.683 -1.818
137.717 -1.813
137.75 -1.808
137.783 -1.598
137.817 -1.289
137.85 -0.674
137.883 -0.974
137.917 -0.969
137.95 -1.065
137.983 0.159
138.017 0.164
138.05 -0.136
138.083 0.988
138.117 0.688
138.15 0.083
138.183 0.598
138.217 -0.312
138.25 -1.221
138.283 -1.317
138.317 -1.921
138.35 -2.017
138.383 -2.012
138.417 -2.107
138.45 -3.017
138.483 -3.012
138.517 -3.412
138.55 -4.017
138.583 -4.112
138.617 -3.193
138.65 -3.897
138.683 -2.369
138.717 -3.073
138.75 -2.459
138.783 -2.249
138.817 -2.549
138.85 -2.949
138.883 -1.521
138.917 -1.821
138.95 -3.135
138.983 -2.825
139.017 -4.140
139.05 -4.135
139.083 -4.230
139.117 -4.530
139.15 -5.235
139.183 -4.316
139.217 -4.716
139.25 -4.101
139.283 -3.282
139.317 -2.668
139.35 -2.763
139.383 -1.844
139.417 -3.463
139.45 -3.153
139.483 -2.944
139.517 -3.244
139.55 -3.949
139.583 -3.029
139.617 -4.039
139.65 -5.253
139.683 -4.029
139.717 -4.734
139.75 -6.253
139.783 -5.739
139.817 -5.734
139.85 -5.120
139.883 -4.910
139.917 -5.515
139.95 -5.815
139.983 -3.677
140.017 -4.077
140.05 -4.377
140.083 -4.372
140.117 -3.148
140.15 -3.143
140.183 -2.529
140.217 -1.609
140.25 -1.705
140.283 -2.005
140.317 -2.305
140.35 -2.300
140.383 -1.890
140.417 -1.885
140.45 -1.576
140.483 -2.485
140.517 -2.176
140.55 -1.866
140.583 -2.066
140.617 -3.585
140.65 -3.276
140.683 -5.000
140.717 -4.995
140.75 -4.585
140.783 -4.581
140.817 -3.866
140.85 -4.166
140.883 -5.281
140.917 -4.057
140.95 -4.257
140.983 -3.237
141.017 -3.437
141.05 -3.028
141.083 -3.228
141.117 -3.733
141.15 -2.713
141.183 -2.609
141.217 -2.504
141.25 -3.009
141.283 -2.904
141.317 -2.089
141.35 -2.899
141.383 -3.709
141.417 -3.809
141.45 -3.399
141.483 -3.804
141.517 -4.309
141.55 -2.885
141.583 -3.594
141.617 -2.475
141.65 -1.965
141.683 -0.846
141.717 -1.861
141.75 -1.351
141.783 -1.756
141.817 -2.465
141.85 -2.261
141.883 -2.361
141.917 -2.056
141.95 -3.680
141.983 -2.461
142.017 -3.475
142.05 -3.475
142.083 -2.561
142.117 -2.356
142.15 -2.051
142.183 -1.746
142.217 -2.661
142.25 -2.051
142.283 -2.965
142.317 -3.270
142.35 -2.865
142.383 -3.475
142.417 -3.780
142.45 -3.070
142.483 -2.765
142.517 -2.970
142.55 -3.885
142.583 -4.089
142.617 -5.209
142.65 -4.499
142.683 -4.399
142.717 -4.704
142.75 -4.299
142.783 -4.099
142.817 -3.389
142.85 -3.289
142.883 -2.275
142.917 -2.785
142.95 -1.670
142.983 -2.180
