-24.9833 7.579
-24.8833 7.236
-24.7833 7.807
-24.6833 7.769
-24.5833 7.835
-24.4833 6.987
-24.3833 7.968
-24.2833 7.834
-24.1833 7.701
-24.0833 6.858
-23.9833 6.424
-23.8833 5.686
-23.7833 5.762
-23.6833 5.333
-23.5833 4.599
-23.4833 5.190
-23.3833 5.375
-23.2833 4.751
-23.1833 3.822
-23.0833 4.118
-22.9833 3.498
-22.8833 4.203
-22.7833 4.198
-22.6833 3.789
-22.5833 3.484
-22.4833 4.198
-22.3833 3.389
-22.2833 3.598
-22.1833 4.218
-22.0833 3.922
-21.9833 2.718
-21.8833 3.037
-21.7833 2.546
-21.6833 3.885
-21.5833 3.194
-21.4833 3.218
-21.3833 3.242
-21.2833 2.457
-21.1833 1.976
-21.0833 2.614
-20.9833 1.529
-20.8833 1.662
-20.7833 1.391
-20.6833 1.325
-20.5833 1.158
-20.4833 0.992
-20.3833 1.945
-20.2833 1.578
-20.1833 2.431
-20.0833 1.051
-19.9833 -0.330
-19.8833 0.727
-19.7833 1.175
-19.6833 0.304
-19.5833 1.567
-19.4833 1.915
-19.3833 1.653
-19.2833 1.087
-19.1833 -0.294
-19.0833 0.663
-18.9833 0.807
-18.8833 0.340
-18.7833 0.483
-18.6833 -0.188
-18.5833 0.765
-18.4833 -0.721
-18.3833 1.147
-18.2833 -0.139
-18.1833 -0.205
-18.0833 1.657
-17.9833 1.181
-17.8833 2.329
-17.7833 0.834
-17.6833 1.368
-17.5833 -0.842
-17.4833 1.416
-17.3833 1.030
-17.2833 1.354
-17.1833 0.864
-17.0833 0.573
-16.9833 0.788
-16.8833 -0.117
-16.7833 1.212
-16.6833 1.826
-16.5833 1.421
-16.4833 1.726
-16.3833 1.216
-16.2833 3.445
-16.1833 2.931
-16.0833 2.716
-15.9833 4.636
-15.8833 5.331
-15.7833 6.331
-15.6833 5.702
-15.5833 6.188
-15.4833 7.383
-15.3833 6.849
-15.2833 8.954
-15.1833 9.535
-15.0833 10.011
-14.9833 8.758
-14.8833 10.043
-14.7833 10.615
-14.6833 11.186
-14.5833 11.552
-14.4833 10.190
-14.3833 10.656
-14.2833 10.003
-14.1833 10.365
-14.0833 10.217
-13.9833 11.593
-13.8833 10.021
-13.7833 10.278
-13.6833 9.011
-13.5833 9.672
-13.4833 9.624
-13.3833 8.762
-13.2833 10.033
-13.1833 9.780
-13.0833 9.832
-12.9833 9.579
-12.8833 10.141
-12.7833 9.178
-12.6833 9.740
-12.5833 8.678
-12.4833 8.530
-12.3833 7.977
-12.2833 7.629
-12.1833 7.890
-12.0833 7.747
-11.9833 6.894
-11.8833 7.975
-11.7833 7.227
-11.6833 6.379
-11.5833 6.650
-11.4833 6.417
-11.3833 6.388
-11.2833 5.954
-11.1833 5.626
-11.0833 5.806
-10.9833 6.092
-10.8833 6.278
-10.7833 6.058
-10.6833 6.554
-10.5833 6.239
-10.4833 7.349
-10.3833 6.125
-10.2833 7.139
-10.1833 6.225
-10.0833 6.430
-9.98333 6.434
-9.88333 5.934
-9.78334 4.420
-9.68333 6.058
-9.58333 5.158
-9.48334 4.973
-9.38333 4.992
-9.28333 4.302
-9.18334 4.630
-9.08333 4.554
-8.98333 4.074
-8.88334 4.612
-8.78333 4.541
-8.68333 4.879
-8.58334 5.727
-8.48333 5.866
-8.38333 5.599
-8.28334 5.942
-8.18333 5.781
-8.08333 5.924
-7.98334 6.272
-7.88333 4.791
-7.78333 5.954
-7.68334 7.016
-7.58333 6.859
-7.48333 6.703
-7.38334 7.970
-7.28333 7.713
-7.18333 8.675
-7.08334 8.723
-6.98333 7.857
-6.88333 7.295
-6.78334 8.258
-6.68333 8.306
-6.58333 7.539
-6.48334 7.892
-6.38333 8.445
-6.28333 8.083
-6.18334 9.551
-6.08333 8.679
-5.98333 9.737
-5.88334 9.271
-5.78333 7.990
-5.68333 7.519
-5.58334 9.791
-5.48333 8.505
-5.38333 8.639
-5.28334 10.296
-5.18333 10.020
-5.08333 9.844
-4.98334 8.344
-4.88333 9.078
-4.78333 8.692
-4.68334 9.421
-4.58333 10.555
-4.48333 10.264
-4.38334 10.274
-4.28333 10.384
-4.18333 9.679
-4.08334 9.784
-3.98333 9.684
-3.88333 9.479
-3.78334 9.474
-3.68333 9.874
-3.58333 9.560
-3.48334 10.260
-3.38333 11.160
-3.28333 9.721
-3.18334 10.616
-3.08333 10.697
-2.98333 10.878
-2.88334 10.549
-2.78333 9.506
-2.68333 9.782
-2.58334 10.158
-2.48333 10.024
-2.38333 10.295
-2.28334 9.447
-2.18333 8.699
-2.08333 9.575
-1.98334 10.756
-1.88333 9.294
-1.78333 7.931
-1.68334 9.312
-1.58333 9.574
-1.48333 8.616
-1.38334 10.097
-1.28333 8.325
-1.18333 9.501
-1.08334 10.167
-0.983333 10.429
-0.883325 9.671
-0.783341 10.947
-0.683333 9.480
-0.583325 10.351
-0.483341 10.003
-0.383333 9.655
-0.283325 11.341
-0.183341 9.878
-0.0833333 9.635
0.0166747 9.292
0.116659 9.558
0.216667 9.015
0.316675 8.472
0.416659 9.048
0.516667 9.424
0.616675 7.666
0.716659 7.233
0.816667 7.309
0.916675 8.199
1.01666 8.075
1.11667 7.142
1.21667 7.632
1.31666 6.803
1.41667 7.603
1.51667 6.679
1.61666 6.874
1.71667 7.274
1.81667 7.779
1.91666 6.965
2.01667 5.341
2.11667 6.565
2.21666 6.774
2.31667 7.189
2.41667 6.184
2.51666 5.994
2.61667 6.213
2.71667 5.722
2.81666 5.132
2.91667 6.475
3.01667 4.975
3.11666 6.118
3.21667 4.928
3.31667 6.481
3.41666 3.566
3.51667 4.919
3.61667 4.548
3.71666 4.382
3.81667 23.723
3.91667 59.727
4.01666 24.309
4.11667 12.260
4.21667 -30.574
4.31666 13.056
4.41667 1.417
4.51667 -22.110
4.61666 4.047
4.71667 11.000
4.81667 26.388
4.91666 -9.125
5.01667 -7.453
5.11667 10.983
5.21666 -1.671
5.31667 -19.506
5.41667 -1.275
5.51666 9.236
5.61667 -1.489
5.71667 -23.491
5.81666 -2.112
5.91667 12.562
6.01667 -13.203
6.11666 10.205
6.21667 9.839
6.31667 19.936
6.41666 12.149
6.51667 -18.093
6.61667 10.083
6.71666 2.596
6.81667 -9.057
6.91667 -1.308
7.01666 3.492
7.11667 9.308
7.21667 14.713
7.31666 -3.860
7.41667 -2.217
7.51667 1.455
7.61666 5.632
7.71667 3.508
7.81667 -3.293
7.91666 13.880
8.01667 -2.679
8.11667 -7.456
8.21666 1.379
8.31667 10.618
8.41667 6.951
8.51666 3.179
8.61667 -2.322
8.71667 11.884
8.81666 11.865
8.91667 -3.499
9.01667 0.440
9.11666 8.540
9.21667 19.180
9.31667 8.988
9.41666 4.382
9.51667 14.812
9.61667 13.149
9.71666 -2.029
9.81667 1.080
9.91667 12.924
10.0167 26.597
10.1167 9.890
10.2167 10.047
10.3167 24.629
10.4167 9.951
10.5167 4.821
10.6167 4.973
10.7167 6.649
10.8167 15.640
10.9167 6.648
11.0167 13.911
11.1167 19.039
11.2167 17.463
11.3167 20.153
11.4167 8.823
11.5167 3.183
11.6167 9.531
11.7167 17.303
11.8167 13.088
11.9167 11.921
12.0167 22.031
12.1167 21.069
12.2167 12.082
12.3167 -0.968
12.4167 13.110
12.5167 16.014
12.6167 7.946
12.7167 7.908
12.8167 14.880
12.9167 24.395
13.0167 12.679
13.1167 -2.694
13.2167 7.335
13.3167 8.326
13.4167 5.558
13.5167 2.591
13.6167 2.877
13.7167 11.497
13.8167 9.654
13.9167 2.734
14.0167 3.538
14.1167 8.206
14.2167 13.892
14.3167 5.967
14.4167 7.696
14.5167 12.273
14.6167 11.773
14.7167 9.954
14.8167 7.934
14.9167 11.811
15.0167 16.198
15.1167 16.826
15.2167 11.464
15.3167 11.793
15.4167 7.350
15.5167 9.817
15.6167 13.403
15.7167 5.817
15.8167 4.326
15.9167 4.770
16.0167 10.294
16.1167 10.942
16.2167 6.514
16.3167 4.828
16.4167 8.429
16.5167 14.163
16.6167 7.401
16.7167 7.244
16.8167 11.559
16.9167 14.655
17.0167 6.374
17.1167 4.188
17.2167 11.756
17.3167 16.886
17.4167 14.905
17.5167 7.233
17.6167 14.091
17.7167 18.916
17.8167 11.549
17.9167 4.791
18.0167 11.850
18.1167 17.384
18.2167 10.422
18.3167 6.912
18.4167 14.171
18.5167 14.823
18.6167 10.295
18.7167 2.818
18.8167 5.195
18.9167 16.206
19.0167 10.553
19.1167 6.624
19.2167 15.192
19.3167 20.608
19.4167 14.945
19.5167 8.064
19.6167 5.954
19.7167 3.130
19.8167 8.026
19.9167 11.803
20.0167 10.293
20.1167 19.652
20.2167 21.490
20.3167 17.432
20.4167 6.564
20.5167 2.807
20.6167 4.431
20.7167 6.764
20.8167 5.131
20.9167 8.679
21.0167 25.633
21.1167 16.475
21.2167 4.368
21.3167 9.226
21.4167 11.136
21.5167 10.197
21.6167 3.263
21.7167 8.925
21.8167 22.103
21.9167 13.130
22.0167 4.867
22.1167 6.152
22.2167 4.795
22.3167 7.399
22.4167 4.718
22.5167 10.061
22.6167 18.757
22.7167 12.313
22.8167 11.965
22.9167 12.022
23.0167 8.011
23.1167 4.311
23.2167 0.810
23.3167 4.624
23.4167 9.453
23.5167 10.524
23.6167 16.472
23.7167 16.324
23.8167 12.823
23.9167 9.932
24.0167 6.027
24.1167 6.998
24.2167 7.359
24.3167 7.826
24.4167 14.793
24.5167 12.721
24.6167 8.210
24.7167 8.986
24.8167 5.190
24.9167 1.599
25.0167 4.309
25.1167 5.294
25.2167 6.180
25.3167 12.247
25.4167 17.100
25.5167 10.370
25.6167 8.927
25.7167 3.931
25.8167 7.674
25.9167 2.783
26.0167 -3.222
26.1167 0.326
26.2167 4.078
26.3167 10.374
26.4167 8.646
26.5167 9.155
26.6167 14.037
26.7167 11.503
26.8167 5.212
26.9167 1.464
27.0167 3.002
27.1167 6.574
27.2167 2.022
27.3167 4.684
27.4167 6.332
27.5167 5.951
27.6167 8.823
27.7167 3.061
27.8167 3.499
27.9167 6.681
28.0167 9.053
28.1167 4.414
28.2167 2.929
28.3167 4.696
28.4167 6.158
28.5167 3.254
28.6167 4.821
28.7167 5.374
28.8167 7.451
28.9167 5.260
29.0167 2.565
29.1167 6.371
29.2167 0.323
29.3167 3.419
29.4167 1.028
29.5167 4.024
29.6167 8.949
29.7167 7.168
29.8167 4.983
29.9167 1.983
30.0167 2.131
30.1167 1.569
30.2167 -2.245
30.3167 0.746
30.4167 7.699
30.5167 8.862
30.6167 7.176
30.7167 8.843
30.8167 7.563
30.9167 3.029
31.0167 4.692
31.1167 5.844
31.2167 2.525
31.3167 1.235
31.4167 4.921
31.5167 5.964
31.6167 5.888
31.7167 2.660
31.8167 4.508
31.9167 4.832
32.0167 1.798
32.1167 1.608
32.2167 1.312
32.3167 3.860
32.4167 0.612
32.5167 4.780
32.6167 4.475
32.7167 5.994
32.8167 2.432
32.9167 1.203
33.0167 2.512
33.1167 8.594
33.2167 8.475
33.3167 5.508
33.4167 9.956
33.5167 9.422
33.6167 8.074
33.7167 3.268
33.8167 4.354
33.9167 12.855
34.0167 12.412
34.1167 11.459
34.2167 11.520
34.3167 14.220
34.4167 12.958
34.5167 8.747
34.6167 8.395
34.7167 13.833
34.8167 14.699
34.9167 12.718
35.0167 11.651
35.1167 13.022
35.2167 13.274
35.3167 7.125
35.4167 10.830
35.5167 13.620
35.6167 10.619
35.7167 10.362
35.8167 11.223
35.9167 12.490
36.0167 12.537
36.1167 8.827
36.2167 6.030
36.3167 8.111
36.4167 7.349
36.5167 8.010
36.6167 8.062
36.7167 8.319
36.8167 11.829
36.9167 12.495
37.0167 11.538
37.1167 9.870
37.2167 9.322
37.3167 7.760
37.4167 9.146
37.5167 9.112
37.6167 9.893
37.7167 11.388
37.8167 13.393
37.9167 12.454
38.0167 12.026
38.1167 11.397
38.2167 11.482
38.3167 10.249
38.4167 6.072
38.5167 6.062
38.6167 8.191
38.7167 9.610
38.8167 11.134
38.9167 10.120
39.0167 10.939
39.1167 11.049
39.2167 10.144
39.3167 4.467
39.4167 6.210
39.5167 7.549
39.6167 9.297
39.7167 11.454
39.8167 10.869
39.9167 13.641
40.0167 11.841
40.1167 9.231
40.2167 10.179
40.3167 10.113
40.4167 12.385
40.5167 11.509
40.6167 10.228
40.7167 11.186
40.8167 11.838
40.9167 10.053
41.0167 6.238
41.1167 6.386
41.2167 8.873
41.3167 9.835
41.4167 6.126
41.5167 6.683
41.6167 9.884
41.7167 9.527
41.8167 6.632
41.9167 8.919
42.0167 11.205
42.1167 10.443
42.2167 5.415
42.3167 4.753
42.4167 8.563
42.5167 9.121
42.6167 8.255
42.7167 5.559
42.8167 10.584
42.9167 11.342
43.0167 6.408
43.1167 8.585
43.2167 9.947
43.3167 10.495
43.4167 8.705
43.5167 6.405
43.6167 8.777
43.7167 7.387
43.8167 7.520
43.9167 6.635
44.0167 9.607
44.1167 13.288
44.2167 12.193
44.3167 11.908
44.4167 11.212
44.5167 9.703
44.6167 8.088
44.7167 8.708
44.8167 5.260
44.9167 8.412
45.0167 10.141
45.1167 9.936
45.2167 9.322
45.3167 7.588
45.4167 6.360
45.5167 5.026
45.6167 4.097
45.7167 5.502
45.8167 7.921
45.9167 9.931
46.0167 12.040
46.1167 12.116
46.2167 12.697
46.3167 10.025
46.4167 8.672
46.5167 7.115
46.6167 9.110
46.7167 9.276
46.8167 12.591
46.9167 11.228
47.0167 13.214
47.1167 12.261
47.2167 7.951
47.3167 8.922
47.4167 7.555
47.5167 6.187
47.6167 5.735
47.7167 7.111
47.8167 8.282
47.9167 8.843
48.0167 10.015
48.1167 10.576
48.2167 9.309
48.3167 9.161
48.4167 10.842
48.5167 10.694
48.6167 10.546
48.7167 10.603
48.8167 12.083
48.9167 14.174
49.0167 11.592
49.1167 10.130
49.2167 9.482
49.3167 12.086
49.4167 8.495
49.5167 8.462
49.6167 7.718
49.7167 9.618
49.8167 8.270
49.9167 3.774
50.0167 4.360
50.1167 5.355
50.2167 4.017
50.3167 3.798
50.4167 3.783
50.5167 4.178
50.6167 5.288
50.7167 3.554
50.8167 3.450
50.9167 3.550
51.0167 5.583
51.1167 5.588
51.2167 5.798
51.3167 4.283
51.4167 5.312
51.5167 5.631
51.6167 5.241
51.7167 1.907
51.8167 2.031
51.9167 4.898
52.0167 3.808
52.1167 1.194
52.2167 1.427
52.3167 3.999
52.4167 4.033
52.5167 0.309
52.6167 -1.991
52.7167 0.790
52.8167 1.948
52.9167 0.567
53.0167 -0.304
53.1167 2.482
53.2167 5.374
53.3167 2.269
53.4167 0.283
53.5167 1.551
53.6167 4.647
53.7167 2.561
53.8167 -0.234
53.9167 1.543
54.0167 2.710
54.1167 0.219
54.2167 -0.647
54.3167 0.520
54.4167 0.773
54.5167 1.126
54.6167 -0.045
54.7167 2.541
54.8167 3.299
54.9167 1.618
55.0167 0.442
55.1167 -1.039
55.2167 0.628
55.3167 -0.448
55.4167 0.200
55.5167 -0.576
55.6167 0.272
55.7167 1.220
55.8167 1.659
55.9167 1.688
56.0167 -0.012
56.1167 -1.917
56.2167 -3.622
56.3167 -3.703
56.4167 -2.364
56.5167 -1.840
56.6167 -1.626
56.7167 -1.412
56.8167 -1.812
56.9167 -2.721
57.0167 -2.212
57.1167 -2.721
57.2167 -0.997
57.3167 -1.512
57.4167 -1.216
57.5167 1.108
57.6167 2.312
57.7167 0.974
57.8167 -0.264
57.9167 0.016
58.0167 -0.617
58.1167 -0.951
58.2167 0.644
58.3167 1.120
58.4167 2.916
58.5167 3.996
58.6167 2.739
58.7167 3.410
58.8167 3.367
58.9167 2.104
59.0167 0.432
59.1167 1.808
59.2167 4.808
59.3167 4.251
59.4167 6.231
59.5167 7.603
59.6167 7.755
59.7167 7.092
59.8167 5.615
59.9167 4.343
60.0167 5.305
60.1167 6.267
60.2167 7.533
60.3167 6.666
60.4167 8.237
60.5167 8.894
60.6167 8.841
60.7167 7.264
60.8167 8.635
60.9167 7.873
61.0167 7.110
61.1167 5.234
61.2167 7.319
61.3167 7.781
61.4167 7.228
61.5167 5.661
61.6167 6.737
61.7167 6.798
61.8167 6.150
61.9167 5.912
62.0167 5.269
62.1167 5.440
62.2167 4.802
62.3167 4.368
62.4167 3.734
62.5167 4.730
62.6167 4.710
62.7167 5.810
62.8167 3.562
62.9167 3.958
63.0167 2.629
63.1167 2.319
63.2167 1.910
63.3167 0.690
63.4167 2.624
63.5167 2.629
63.6167 1.824
63.7167 1.124
63.8167 0.629
63.9167 -0.676
64.0167 -1.571
64.1167 -0.738
64.2167 -0.714
64.3167 -0.994
64.4167 -0.356
64.5167 0.282
64.6167 1.026
64.7167 1.669
64.8167 1.298
64.9167 1.031
65.0167 1.070
65.1167 0.094
65.2167 0.442
65.3167 1.094
65.4167 1.747
65.5167 2.200
65.6167 2.043
65.7167 1.177
65.8167 0.615
65.9167 -0.556
66.0167 0.002
66.1167 1.374
66.2167 0.407
66.3167 -0.049
66.4167 0.713
66.5167 -0.253
66.6167 0.509
66.7167 0.662
66.8167 0.305
66.9167 0.558
67.0167 0.506
67.1167 1.163
67.2167 1.616
67.3167 1.459
67.4167 1.912
67.5167 2.260
67.6167 2.303
67.7167 1.327
67.8167 2.485
67.9167 1.609
68.0167 1.443
68.1167 2.391
68.2167 3.439
68.3167 3.063
68.4167 1.058
68.5167 2.811
68.6167 1.920
68.7167 1.230
68.8167 0.944
68.9167 0.554
69.0167 0.973
69.1167 1.797
69.2167 -0.227
69.3167 0.592
69.4167 2.221
69.5167 2.221
69.6167 1.712
69.7167 2.316
69.8167 3.121
69.9167 2.807
70.0167 2.897
70.1167 2.373
70.2167 3.678
70.3167 2.744
70.4167 2.316
70.5167 4.120
70.6167 5.820
70.7167 4.777
70.8167 6.068
70.9167 5.324
71.0167 6.005
71.1167 5.152
71.2167 4.404
71.3167 4.975
71.4167 4.123
71.5167 4.284
71.6167 3.631
71.7167 4.807
71.8167 6.388
71.9167 4.921
72.0167 4.163
72.1167 4.930
72.2167 4.577
72.3167 4.429
72.4167 3.467
72.5167 4.943
72.6167 4.795
72.7167 5.051
72.8167 4.599
72.9167 3.941
73.0167 4.912
73.1167 3.545
73.2167 3.197
73.3167 3.558
73.4167 2.806
73.5167 2.967
73.6167 3.334
73.7167 3.600
73.8167 4.376
73.9167 3.528
74.0167 2.885
74.1167 2.446
74.2167 3.027
74.3167 2.898
74.4167 2.060
74.5167 1.936
74.6167 1.102
74.7167 2.912
74.8167 1.778
74.9167 1.054
75.0167 1.754
75.1167 1.340
75.2167 -0.698
75.3167 -0.803
75.4167 -0.398
75.5167 -0.598
75.6167 -0.798
75.7167 -0.384
75.8167 -0.679
75.9167 -1.074
76.0167 -0.755
76.1167 -0.636
76.2167 -0.922
76.3167 -1.612
76.4167 -0.674
76.5167 -0.445
76.6167 0.194
76.7167 -2.216
76.8167 -2.082
76.9167 -2.658
77.0167 -2.115
77.1167 -2.586
77.2167 -1.938
77.3167 -2.610
77.4167 -2.771
77.5167 -2.323
77.6167 -1.061
77.7167 -1.422
77.8167 -2.798
77.9167 -2.041
78.0167 -2.197
78.1167 -2.454
78.2167 -2.101
78.3167 -1.444
78.4167 -1.396
78.5167 -1.448
78.6167 -0.485
78.7167 0.072
78.8167 0.120
78.9167 0.168
79.0167 0.826
79.1167 0.569
79.2167 0.717
79.3167 -1.169
79.4167 -0.006
79.5167 -1.487
79.6167 -3.273
79.7167 -0.691
79.8167 -0.143
79.9167 -1.529
80.0167 -1.390
80.1167 -1.761
80.2167 -1.728
80.3167 -1.799
80.4167 -1.770
80.5167 -2.556
80.6167 -2.836
80.7167 -2.103
80.8167 -2.388
80.9167 -1.355
81.0167 -2.050
81.1167 -2.140
81.2167 -1.521
81.3167 -0.497
81.4167 0.522
81.5167 1.032
81.6167 -0.188
81.7167 -0.497
81.8167 0.512
81.9167 0.098
82.0167 1.203
82.1167 2.103
82.2167 2.288
82.3167 4.403
82.4167 3.974
82.5167 6.084
82.6167 6.564
82.7167 6.231
82.8167 5.792
82.9167 6.368
83.0167 6.435
83.1167 6.906
83.2167 7.272
83.3167 7.639
83.4167 9.424
83.5167 8.262
83.6167 8.319
83.7167 8.575
83.8167 7.918
83.9167 8.479
84.0167 7.922
84.1167 8.074
84.2167 9.140
84.3167 9.392
84.4167 7.815
84.5167 10.201
84.6167 10.453
84.7167 8.571
84.8167 9.738
84.9167 8.161
85.0167 8.008
85.1167 8.260
85.2167 7.803
85.3167 8.464
85.4167 8.821
85.5167 9.482
85.6167 8.520
85.7167 7.762
85.8167 8.429
85.9167 7.471
86.0167 6.818
86.1167 6.575
86.2167 6.842
86.3167 7.008
86.4167 7.074
86.5167 6.636
86.6167 8.231
86.7167 6.983
86.8167 6.754
86.9167 5.816
87.0167 5.287
87.1167 4.558
87.2167 4.644
87.3167 4.934
87.4167 4.925
87.5167 4.206
87.6167 5.725
87.7167 5.315
87.8167 5.010
87.9167 5.420
88.0167 4.815
88.1167 5.230
88.2167 4.834
88.3167 5.863
88.4167 5.473
88.5167 5.797
88.6167 5.816
88.7167 6.550
88.8167 6.474
88.9167 5.383
89.0167 5.412
89.1167 6.460
89.2167 6.898
89.3167 7.442
89.4167 7.070
89.5167 7.414
89.6167 7.047
89.7167 6.376
89.8167 5.605
89.9167 4.429
90.0167 3.762
90.1167 4.620
90.2167 4.158
90.3167 5.121
90.4167 4.354
90.5167 5.927
90.6167 5.875
90.7167 5.008
90.8167 4.347
90.9167 3.685
91.0167 4.343
91.1167 3.681
91.2167 4.848
91.3167 3.982
91.4167 5.554
91.5167 3.773
91.6167 3.007
91.7167 2.950
91.8167 3.807
91.9167 4.055
92.0167 2.979
92.1167 3.427
92.2167 3.671
92.3167 2.490
92.4167 2.323
92.5167 2.662
92.6167 3.305
92.7167 2.929
92.8167 1.334
92.9167 1.563
93.0167 3.316
93.1167 2.525
93.2167 1.935
93.3167 2.968
93.4167 3.188
93.5167 2.692
93.6167 1.383
93.7167 2.407
93.8167 4.240
93.9167 3.736
94.0167 2.516
94.1167 4.750
94.2167 4.440
94.3167 3.721
94.4167 4.321
94.5167 5.021
94.6167 5.007
94.7167 6.107
94.8167 5.988
94.9167 6.678
95.0167 6.149
95.1167 4.901
95.2167 5.077
95.3167 5.048
95.4167 5.729
95.5167 5.086
95.6167 5.967
95.7167 6.338
95.8167 5.690
95.9167 4.737
96.0167 5.103
96.1167 5.165
96.2167 5.122
96.3167 4.369
96.4167 5.035
96.5167 6.311
96.6167 5.759
96.7167 6.120
96.8167 5.667
96.9167 6.943
97.0167 6.795
97.1167 6.038
97.2167 6.499
97.3167 5.642
97.4167 6.408
97.5167 6.365
97.6167 5.507
97.7167 5.464
97.8167 6.540
97.9167 5.787
98.0167 4.934
98.1167 4.996
98.2167 4.858
98.3167 4.314
98.4167 2.857
98.5167 4.247
98.6167 4.418
98.7167 2.561
98.8167 3.551
98.9167 3.018
99.0167 3.808
99.1167 2.974
99.2167 2.550
99.3167 2.941
99.4167 3.436
99.5167 2.917
99.6167 2.502
99.7167 2.293
99.8167 2.493
99.9167 2.288
100.017 1.883
100.117 1.888
100.217 1.488
100.317 2.207
100.417 -0.017
100.517 0.302
100.617 0.522
100.717 0.336
100.817 -0.354
100.917 -0.840
101.017 -0.916
101.117 -0.687
101.217 -1.573
101.317 -2.558
101.417 -2.120
101.517 -2.391
101.617 -2.153
101.717 -2.929
101.817 -1.671
101.917 -2.038
102.017 -3.014
102.117 -1.956
102.217 -1.813
102.317 -1.565
102.417 -1.826
102.517 -2.188
102.617 -1.430
102.717 -1.792
102.817 -1.644
102.917 -1.801
103.017 -2.362
103.117 -0.385
103.217 -0.847
103.317 -0.699
103.417 -0.246
103.517 -1.317
103.617 -1.069
103.717 -0.821
103.817 -0.778
103.917 -0.430
104.017 -2.725
104.117 -2.482
104.217 -3.763
104.317 -4.029
104.417 -2.367
104.517 -1.519
104.617 -1.485
104.717 -0.132
104.817 0.506
104.917 -0.075
105.017 1.068
105.117 0.178
105.217 1.012
105.317 1.336
105.417 1.150
105.517 1.469
105.617 1.379
105.717 2.608
105.817 3.022
105.917 2.212
106.017 1.403
106.117 0.588
106.217 2.617
106.317 0.174
106.417 1.993
106.517 3.203
106.617 1.664
106.717 1.345
106.817 1.631
106.917 1.712
107.017 1.588
107.117 3.697
107.217 3.264
107.317 4.554
107.417 3.711
107.517 4.896
107.617 6.792
107.717 5.129
107.817 7.224
107.917 5.457
108.017 6.128
108.117 6.085
108.217 7.056
108.317 6.503
108.417 8.084
108.517 8.036
108.617 7.379
108.717 6.721
108.817 6.673
108.917 7.335
109.017 7.996
109.117 8.963
109.217 10.639
109.317 10.081
109.417 10.438
109.517 10.490
109.617 9.223
109.717 7.751
109.817 8.922
109.917 9.078
110.017 9.540
110.117 9.597
110.217 10.873
110.317 10.120
110.417 10.282
110.517 9.834
110.617 8.881
110.717 8.438
110.817 8.504
110.917 9.285
111.017 9.456
111.117 9.427
111.217 9.908
111.317 9.984
111.417 9.860
111.517 8.926
111.617 9.212
111.717 8.283
111.817 8.474
111.917 8.564
112.017 8.150
112.117 7.535
112.217 8.954
112.317 8.040
112.417 7.026
112.517 6.726
112.617 6.530
112.717 6.845
112.817 6.450
112.917 6.159
113.017 5.059
113.117 5.993
113.217 5.302
113.317 5.731
113.417 5.655
113.517 5.784
113.617 5.813
113.717 5.032
113.817 4.861
113.917 5.199
114.017 5.642
114.117 5.171
114.217 4.295
114.317 3.724
114.417 3.867
114.517 2.791
114.617 3.544
114.717 3.587
114.817 3.835
114.917 3.778
115.017 2.807
115.117 3.055
115.217 2.289
115.317 3.351
115.417 2.890
115.517 3.647
115.617 4.405
115.717 4.653
115.817 5.411
115.917 6.878
116.017 8.040
116.117 6.764
116.217 4.979
116.317 6.646
116.417 7.399
116.517 6.423
116.617 7.275
116.717 7.109
116.817 6.028
116.917 5.047
117.017 4.876
117.117 5.315
117.217 4.939
117.317 3.848
117.417 3.163
117.517 3.187
117.617 2.496
117.717 3.735
117.817 2.940
117.917 3.868
118.017 2.459
118.117 4.807
118.217 5.526
118.317 6.140
118.417 6.245
118.517 8.074
118.617 8.379
118.717 8.679
118.817 8.164
118.917 7.140
119.017 6.721
119.117 8.031
119.217 7.712
119.317 6.373
119.417 5.744
119.517 5.825
119.617 5.192
119.717 4.253
119.817 5.648
119.917 4.705
120.017 5.895
120.117 6.676
120.217 6.947
120.317 7.219
120.417 6.166
120.517 4.808
120.617 4.160
120.717 3.512
120.817 4.183
120.917 4.650
121.017 5.321
121.117 6.192
121.217 5.439
121.317 6.006
121.417 5.353
121.517 4.395
121.617 3.743
121.717 4.004
121.817 3.961
121.917 3.918
122.017 5.603
122.117 5.460
122.217 5.317
122.317 4.159
122.417 4.221
122.517 4.387
122.617 4.349
122.717 5.025
122.817 4.482
122.917 5.262
123.017 5.434
123.117 5.710
123.217 5.681
123.317 6.671
123.417 4.209
123.517 4.085
123.617 3.861
123.717 4.351
123.817 5.046
123.917 5.337
124.017 4.208
124.117 5.013
124.217 3.889
124.317 5.103
124.417 5.203
124.517 4.289
124.617 4.189
124.717 3.179
124.817 3.389
124.917 1.874
125.017 1.784
125.117 2.103
125.217 2.322
125.317 1.732
125.417 0.532
125.517 0.046
125.617 0.375
125.717 -0.310
125.817 -0.182
125.917 -0.762
126.017 1.505
126.117 1.029
126.217 1.367
126.317 -1.038
126.417 0.320
126.517 0.458
126.617 -1.942
126.717 0.535
126.817 0.169
126.917 0.922
127.017 1.775
127.117 1.003
127.217 1.961
127.317 2.004
127.417 1.233
127.517 0.362
127.617 0.710
127.717 0.753
127.817 1.101
127.917 2.059
128.017 2.811
128.117 2.855
128.217 1.779
128.317 1.412
128.417 1.655
128.517 0.679
128.617 -0.706
128.717 2.685
128.817 1.704
128.917 1.638
129.017 2.381
129.117 0.686
129.217 -0.300
129.317 1.253
129.417 -1.566
129.517 -0.118
129.617 -1.518
129.717 -2.513
129.817 -1.884
129.917 -1.056
130.017 -1.956
130.117 -0.317
130.217 -0.308
130.317 -0.808
130.417 -1.412
130.517 -0.393
130.617 -0.393
130.717 -0.293
130.817 2.345
130.917 1.831
131.017 2.126
131.117 3.336
131.217 1.797
131.317 2.697
131.417 2.273
131.517 5.707
131.617 2.740
131.717 2.411
131.817 3.706
131.917 6.016
132.017 3.853
132.117 4.024
132.217 6.024
132.317 5.381
132.417 5.547
132.517 4.495
132.617 5.575
132.717 5.942
132.817 6.918
132.917 7.689
133.017 8.765
133.117 7.198
133.217 8.779
133.317 7.516
133.417 5.135
133.517 6.106
133.617 7.177
133.717 6.015
133.817 7.595
133.917 6.533
134.017 6.590
134.117 6.647
134.217 6.703
134.317 6.355
134.417 6.312
134.517 7.183
134.617 5.516
134.717 6.897
134.817 6.249
134.917 7.225
135.017 6.172
135.117 6.543
135.217 6.000
135.317 6.171
135.417 5.428
135.517 6.923
135.617 6.590
135.717 6.666
135.817 6.337
135.917 6.113
136.017 5.584
136.117 6.074
136.217 6.060
136.317 5.436
136.417 5.731
136.517 5.112
136.617 4.802
136.717 3.578
136.817 4.593
136.917 5.407
137.017 4.902
137.117 4.298
137.217 4.712
137.317 3.502
137.417 4.326
137.517 2.817
137.617 3.341
137.717 3.055
137.817 2.770
137.917 2.284
138.017 1.698
138.117 2.537
138.217 1.751
138.317 1.780
138.417 2.318
138.517 2.757
138.617 1.876
138.717 1.300
138.817 1.134
138.917 1.372
139.017 0.496
139.117 -0.075
139.217 -0.646
139.317 0.206
139.417 0.450
139.517 -0.017
139.617 0.127
139.717 0.575
139.817 0.718
139.917 -0.358
140.017 0.295
140.117 -0.172
140.217 -0.029
140.317 -1.409
140.417 -2.485
140.517 -2.342
140.617 -1.794
140.717 -0.941
140.817 -0.903
140.917 -2.693
141.017 -1.436
141.117 -1.502
141.217 -1.873
141.317 -2.145
141.417 -2.416
141.517 -2.487
141.617 -2.558
141.717 -1.515
141.817 -2.301
141.917 -0.448
142.017 -1.543
142.117 -1.319
142.217 -1.605
142.317 -2.705
142.417 -0.557
142.517 0.168
142.617 0.077
142.717 -0.218
142.817 -0.313
142.917 0.706
