-24.9833 4.728
-24.9167 4.914
-24.85 4.999
-24.7833 5.695
-24.7167 6.390
-24.65 7.085
-24.5833 7.375
-24.5167 7.666
-24.45 7.956
-24.3833 7.637
-24.3167 7.218
-24.25 6.494
-24.1833 5.770
-24.1167 5.251
-24.05 4.731
-23.9833 4.517
-23.9167 4.507
-23.85 4.498
-23.7833 5.098
-23.7167 5.393
-23.65 5.893
-23.5833 6.088
-23.5167 6.183
-23.45 6.279
-23.3833 6.374
-23.3167 6.369
-23.25 6.059
-23.1833 5.750
-23.1167 5.440
-23.05 5.335
-22.9833 4.826
-22.9167 5.331
-22.85 5.331
-22.7833 5.735
-22.7167 6.345
-22.65 6.955
-22.5833 7.259
-22.5167 7.159
-22.45 7.059
-22.3833 6.555
-22.3167 5.540
-22.25 4.935
-22.1833 3.821
-22.1167 3.216
-22.05 3.221
-21.9833 3.531
-21.9167 4.045
-21.85 4.864
-21.7833 5.683
-21.7167 6.403
-21.65 7.122
-21.5833 7.536
-21.5167 7.951
-21.45 7.960
-21.3833 7.970
-21.3167 7.979
-21.25 7.989
-21.1833 7.899
-21.1167 8.113
-21.05 8.023
-20.9833 7.932
-20.9167 7.842
-20.85 7.651
-20.7833 7.461
-20.7167 7.675
-20.65 7.790
-20.5833 7.804
-20.5167 7.919
-20.45 8.338
-20.3833 8.657
-20.3167 8.467
-20.25 8.481
-20.1833 8.191
-20.1167 7.595
-20.05 7.405
-19.9833 6.505
-19.9167 6.519
-19.85 6.229
-19.7833 5.939
-19.7167 5.953
-19.65 5.967
-19.5833 6.082
-19.5167 6.401
-19.45 6.720
-19.3833 6.530
-19.3167 6.239
-19.25 6.354
-19.1833 6.163
-19.1167 5.973
-19.05 5.478
-18.9833 5.592
-18.9167 5.402
-18.85 5.311
-18.7833 5.221
-18.7167 5.131
-18.65 5.040
-18.5833 4.340
-18.5167 4.350
-18.45 4.360
-18.3833 3.760
-18.3167 3.769
-18.25 3.574
-18.1833 3.684
-18.1167 3.488
-18.05 3.698
-17.9833 3.808
-17.9167 4.322
-17.85 4.632
-17.7833 4.941
-17.7167 5.251
-17.65 5.256
-17.5833 5.360
-17.5167 4.856
-17.45 4.656
-17.3833 4.251
-17.3167 3.846
-17.25 3.541
-17.1833 3.541
-17.1167 3.541
-17.05 4.151
-16.9833 4.251
-16.9167 4.656
-16.85 4.856
-16.7833 5.056
-16.7167 5.256
-16.65 5.556
-16.5833 5.551
-16.5167 5.851
-16.45 5.946
-16.3833 6.346
-16.3167 6.746
-16.25 6.941
-16.1833 6.832
-16.1167 6.822
-16.05 6.103
-15.9833 5.788
-15.9167 5.269
-15.85 4.955
-15.7833 4.740
-15.7167 4.626
-15.65 4.716
-15.5833 4.602
-15.5167 4.792
-15.45 4.778
-15.3833 4.763
-15.3167 4.749
-15.25 4.735
-15.1833 4.515
-15.1167 4.196
-15.05 4.382
-14.9833 3.858
-14.9167 3.639
-14.85 3.519
-14.7833 3.705
-14.7167 3.891
-14.65 3.771
-14.5833 3.752
-14.5167 3.328
-14.45 3.004
-14.3833 2.680
-14.3167 2.356
-14.25 2.032
-14.1833 2.013
-14.1167 1.789
-14.05 2.075
-13.9833 2.055
-13.9167 2.441
-13.85 2.727
-13.7833 3.112
-13.7167 3.398
-13.65 3.379
-13.5833 4.069
-13.5167 3.745
-13.45 3.726
-13.3833 3.707
-13.3167 3.687
-13.25 3.363
-13.1833 3.039
-13.1167 2.920
-13.05 3.106
-12.9833 3.391
-12.9167 3.477
-12.85 3.663
-12.7833 3.543
-12.7167 3.324
-12.65 3.410
-12.5833 3.495
-12.5167 3.176
-12.45 3.162
-12.3833 2.843
-12.3167 2.728
-12.25 3.019
-12.1833 3.109
-12.1167 3.299
-12.05 3.695
-11.9833 4.090
-11.9167 4.690
-11.85 4.985
-11.7833 4.975
-11.7167 4.866
-11.65 4.756
-11.5833 4.242
-11.5167 4.032
-11.45 3.822
-11.3833 3.513
-11.3167 3.813
-11.25 3.708
-11.1833 3.908
-11.1167 4.108
-11.05 4.513
-10.9833 4.818
-10.9167 5.122
-10.85 5.732
-10.7833 6.037
-10.7167 6.242
-10.65 6.042
-10.5833 6.146
-10.5167 5.642
-10.45 5.342
-10.3833 5.042
-10.3167 4.337
-10.25 3.937
-10.1833 4.046
-10.1167 3.851
-10.05 4.266
-9.98333 4.580
-9.91666 4.895
-9.84999 5.414
-9.78334 5.628
-9.71667 5.743
-9.65 5.957
-9.58333 5.971
-9.51668 5.781
-9.45001 5.491
-9.38333 5.405
-9.31666 5.319
-9.24999 4.929
-9.18334 4.743
-9.11667 4.963
-9.05 4.677
-8.98333 4.796
-8.91668 4.815
-8.85001 4.835
-8.78333 5.059
-8.71666 5.283
-8.64999 5.507
-8.58334 5.731
-8.51667 5.855
-8.45 5.979
-8.38333 6.103
-8.31668 6.227
-8.25001 6.351
-8.18333 6.375
-8.11666 6.399
-8.04999 6.423
-7.98334 6.447
-7.91667 6.166
-7.85 6.190
-7.78333 5.809
-7.71668 5.528
-7.65001 5.552
-7.58333 5.171
-7.51666 4.891
-7.44999 4.815
-7.38334 4.534
-7.31667 4.458
-3.24999 4.244
-3.18334 4.029
-3.11667 3.815
-3.05 3.296
-2.98333 2.876
-2.91668 2.762
-2.85001 2.443
-2.78333 2.328
-2.71666 2.414
-2.58334 1.876
-2.51667 1.656
-2.45 1.437
-2.38333 1.928
-2.31668 1.808
-2.25001 1.689
-2.18333 1.875
-2.11666 1.856
-2.04999 2.346
-1.98334 2.327
-1.91667 2.612
-1.85 2.693
-1.78333 2.674
-1.71668 2.755
-1.65001 2.431
-1.44999 3.183
-1.38334 3.568
-1.31667 4.259
-1.25 4.644
-1.18333 5.335
-1.11668 6.025
-1.05001 6.311
-0.983333 5.787
-0.916661 5.863
-0.849989 5.234
-0.783341 4.705
-0.716669 4.381
-0.649997 4.057
-0.583325 3.733
-0.516677 4.019
-0.450005 4.304
-0.383333 4.185
-0.316661 4.166
-0.249989 4.047
-0.183341 3.623
-0.116669 3.099
-0.0499973 2.879
0.0166747 2.660
0.0833227 2.441
0.149995 2.831
0.216667 3.122
0.283339 3.717
0.350011 4.517
0.416659 5.012
0.483331 5.203
0.550003 5.393
0.616675 5.483
0.683323 5.879
0.749995 5.564
0.816667 5.959
0.883339 5.545
0.950011 5.231
1.01666 5.426
1.08333 5.216
1.15 4.702
1.21667 4.797
1.28332 4.587
1.34999 4.583
1.41667 5.187
1.48334 5.692
1.55001 6.197
1.61666 6.907
1.68333 7.616
1.75 8.021
1.81667 8.426
1.88332 9.035
1.94999 8.935
2.01667 8.835
2.08334 8.431
2.15001 8.331
2.21666 8.131
2.28333 7.931
2.35 7.631
2.41667 8.245
2.48332 8.250
2.54999 8.459
2.61667 8.669
2.68334 9.083
2.75001 9.598
2.81666 9.707
2.88333 10.022
2.95 9.827
3.01667 9.836
3.08332 9.541
3.14999 8.841
3.21667 8.141
3.28334 8.355
3.35001 22.895
3.41666 64.463
3.48333 63.358
3.55 96.696
3.61667 43.775
3.68332 9.751
3.74999 14.643
3.81667 -37.769
3.88334 -41.107
3.95001 -30.120
4.01666 -41.993
4.08333 -30.701
4.15 15.543
4.21667 33.746
4.28332 10.291
4.34999 17.825
4.41667 22.311
4.48334 6.986
4.55001 2.023
4.61666 -3.853
4.68333 -16.131
4.75 -14.693
4.81667 1.681
4.88332 18.460
4.94999 1.305
5.01667 26.823
5.08334 12.411
5.15001 -0.376
5.21666 17.217
5.28333 16.012
5.35 -3.885
5.41667 11.979
5.48332 0.411
5.54999 -4.352
5.61667 -3.728
5.68334 -6.661
5.75001 -8.781
5.81666 0.173
5.88333 -0.222
5.95 5.684
6.01667 17.480
6.08332 21.352
6.14999 14.556
6.21667 17.514
6.28334 19.657
6.35001 4.122
6.41666 6.365
6.48333 0.988
6.55 -1.340
6.61667 -10.985
6.68332 -2.545
6.74999 2.541
6.81667 3.665
6.88334 5.194
6.95001 4.284
7.01666 4.084
7.08333 6.018
7.15 4.294
7.21667 9.680
7.28332 12.628
7.34999 1.556
7.41667 5.213
7.48334 10.090
7.55001 3.484
7.61666 1.756
7.68333 1.246
7.75 -0.992
7.81667 1.036
7.88332 7.737
7.94999 11.085
8.01667 11.385
8.08334 10.566
8.15001 8.832
8.21666 5.065
8.28333 4.041
8.35 0.579
8.41667 -2.479
8.48332 -4.622
8.54999 -5.241
8.61667 -2.713
8.68334 2.864
8.75001 9.965
8.81666 15.947
8.88333 13.394
8.95 13.380
9.01667 6.864
9.08332 6.950
9.14999 -1.294
9.21667 -7.609
9.28334 -12.096
9.35001 -11.401
9.41666 -3.085
9.48333 3.196
9.55 8.563
9.61667 9.968
9.68332 9.339
9.74999 2.005
9.81667 3.815
9.88334 -0.472
9.95001 -5.977
10.0167 -8.130
10.0833 -5.611
10.15 -2.482
10.2167 0.342
10.2833 10.481
10.35 14.524
10.4167 12.167
10.4833 7.066
10.55 6.842
10.6167 -1.207
10.6833 -3.565
10.75 -0.741
10.8167 -0.355
10.8833 -2.003
10.95 0.821
11.0167 4.255
11.0833 4.335
11.15 7.464
11.2167 9.983
11.2833 6.611
11.35 5.778
11.4167 4.539
11.4833 1.472
11.55 -0.376
11.6167 2.043
11.6833 -1.429
11.75 -2.362
11.8167 -5.225
11.8833 -6.358
11.95 -5.868
12.0167 -1.515
12.0833 3.752
12.15 6.481
12.2167 10.429
12.2833 8.281
12.35 8.776
12.4167 7.747
12.4833 2.756
12.55 -2.030
12.6167 -6.512
12.6833 -3.983
12.75 -3.383
12.8167 -2.578
12.8833 2.798
12.95 6.346
13.0167 9.795
13.0833 13.852
13.15 10.290
13.2167 8.456
13.2833 4.694
13.35 -1.507
13.4167 -3.746
13.4833 -7.913
13.55 -10.556
13.6167 -9.946
13.6833 -3.546
13.75 0.622
13.8167 9.361
13.8833 13.833
13.95 15.767
14.0167 17.905
14.0833 17.605
14.15 15.781
14.2167 11.419
14.2833 2.384
14.35 -0.150
14.4167 -4.712
14.4833 -7.041
14.55 -5.607
14.6167 -1.940
14.6833 4.980
14.75 7.533
14.8167 10.086
14.8833 15.687
14.95 12.958
15.0167 13.582
15.0833 12.377
15.15 5.891
15.2167 -0.391
15.2833 -1.086
15.35 -2.491
15.4167 -1.253
15.4833 3.339
15.55 6.406
15.6167 7.339
15.6833 11.526
15.75 13.883
15.8167 14.312
15.8833 13.012
15.95 11.003
16.0167 6.759
16.0833 3.835
16.15 1.421
16.2167 0.226
16.2833 -0.360
16.35 -0.031
16.4167 2.636
16.4833 6.927
16.55 8.680
16.6167 10.738
16.6833 11.881
16.75 9.976
16.8167 9.900
16.8833 6.776
16.95 3.652
17.0167 3.576
17.0833 2.281
17.2167 4.163
17.2833 6.830
17.35 7.973
17.4167 10.740
17.4833 12.798
17.55 9.674
17.6167 8.174
17.6833 7.284
21.75 6.110
21.8833 8.415
21.95 8.905
22.0167 8.076
22.0833 9.176
22.15 7.633
22.2167 13.610
22.2833 11.457
22.35 10.828
22.4833 10.485
22.55 9.956
22.6167 8.818
22.6833 7.070
22.75 6.846
22.8167 5.098
22.95 5.260
23.0167 6.760
23.0833 10.093
23.15 11.188
23.2167 12.488
23.2833 13.888
23.35 13.969
23.4167 12.931
23.4833 11.792
23.55 10.654
23.6167 8.701
23.6833 10.306
23.75 11.911
23.8167 14.430
23.8833 17.254
23.95 18.759
24.0167 17.011
24.0833 13.334
24.15 10.267
24.2167 5.675
24.2833 3.118
24.35 1.575
24.4167 1.151
24.4833 2.760
24.55 7.518
24.6167 11.566
24.6833 15.309
24.75 16.919
24.8167 16.295
24.8833 14.147
24.95 12.508
25.0167 9.446
25.0833 7.098
25.15 4.850
25.2167 2.807
25.2833 3.507
25.35 6.240
25.4167 10.193
25.4833 12.012
25.55 14.951
25.6167 16.975
25.6833 15.546
25.75 15.031
25.8167 13.907
25.8833 10.855
25.95 9.021
26.0167 8.002
26.0833 10.945
26.15 13.483
26.2167 15.412
26.2833 17.036
26.35 17.341
26.4167 15.512
26.4833 14.903
26.55 13.583
26.6167 13.079
26.6833 11.050
26.75 10.240
26.8167 10.650
26.8833 10.959
26.95 13.607
27.0167 15.746
27.0833 17.175
27.15 18.808
27.2167 19.527
27.2833 18.418
27.35 17.003
27.4167 14.270
27.4833 11.231
27.55 8.398
27.6167 7.698
27.6833 10.351
27.75 12.394
27.8167 17.385
27.8833 21.157
27.95 22.795
28.0167 22.810
28.0833 20.081
28.15 15.928
28.2167 11.575
28.2833 7.627
28.35 5.103
28.4167 5.423
28.4833 7.471
28.55 10.128
28.6167 14.210
28.6833 16.258
28.75 16.477
28.8167 15.072
28.8833 13.158
28.95 9.924
29.0167 6.995
29.0833 5.691
29.15 6.419
29.2167 5.929
29.2833 7.367
29.35 8.706
29.4167 9.130
29.4833 7.825
29.55 7.335
29.6167 6.335
29.6833 5.235
29.75 6.978
29.8167 9.026
29.8833 11.074
29.95 10.479
30.0167 9.479
30.0833 7.969
30.15 5.140
30.2167 3.021
30.2833 2.831
30.35 4.064
30.4167 5.093
30.4833 8.560
30.55 10.504
30.6167 11.023
30.6833 8.799
30.75 7.489
30.8167 5.570
30.8833 3.141
30.95 2.541
31.0167 3.160
31.0833 3.575
31.15 4.904
31.2167 6.332
31.2833 6.237
31.35 5.228
31.4167 4.218
31.4833 4.528
31.55 3.413
31.6167 3.518
31.6833 3.928
31.75 5.252
31.8167 4.237
31.8833 4.847
31.95 5.761
32.0167 5.152
32.0833 4.642
32.15 4.742
32.2167 4.537
32.2833 3.213
32.35 4.328
32.4167 5.237
32.4833 6.147
32.55 6.547
32.6167 7.556
32.6833 6.737
32.75 6.932
32.8167 6.213
32.8833 4.680
32.95 4.060
33.0167 3.136
33.0833 3.227
33.15 4.841
33.2167 5.946
33.2833 7.051
33.35 8.460
33.4167 7.836
33.4833 6.908
33.55 5.674
33.6167 5.760
33.6833 4.321
33.75 4.711
33.8167 5.711
33.8833 6.507
33.95 8.521
34.0167 10.331
34.0833 10.516
34.15 10.192
34.2167 7.125
34.2833 5.377
34.35 4.139
34.4167 4.219
34.4833 4.300
34.55 6.515
34.6167 9.034
34.6833 10.639
34.75 13.563
34.8167 15.472
34.8833 14.739
34.95 12.991
35.0167 11.038
35.0833 8.780
35.15 7.132
35.2167 6.603
35.2833 6.479
35.35 6.355
35.4167 7.146
35.4833 7.836
35.55 8.627
35.6167 8.403
35.6833 10.007
35.75 10.188
35.8167 10.879
35.8833 11.264
35.95 10.940
36.0167 10.411
36.0833 9.173
36.15 7.630
36.2167 6.696
36.2833 5.967
36.35 6.763
36.4167 6.643
36.4833 7.743
36.55 8.439
36.6167 9.439
36.6833 10.134
36.75 10.729
36.8167 11.019
36.8833 10.295
36.95 9.976
37.0167 9.152
37.0833 7.209
37.15 5.166
37.2167 4.242
37.2833 3.318
37.35 3.003
37.4167 3.808
37.4833 6.137
37.55 7.451
37.6167 10.595
37.6833 13.333
37.75 14.852
37.8167 15.052
37.8833 13.728
37.95 11.490
38.0167 8.846
38.0833 6.103
38.15 3.665
38.2167 2.446
38.2833 2.955
38.35 4.379
38.4167 7.227
38.4833 10.075
38.55 10.690
38.6167 10.899
38.6833 10.599
38.75 8.575
38.8167 7.261
38.8833 6.761
38.95 5.856
39.0167 5.866
39.0833 6.690
39.15 8.733
39.2167 9.862
39.2833 11.195
39.35 11.919
39.4167 11.019
39.4833 10.424
39.55 9.729
39.6167 8.424
39.6833 6.815
39.75 6.629
39.8167 6.139
39.8833 6.258
39.95 7.191
40.0167 6.906
40.0833 7.739
40.15 7.963
40.2167 7.273
40.2833 6.887
40.35 6.707
40.4167 6.526
40.4833 6.245
40.55 5.759
40.6167 5.174
40.6833 4.893
40.75 4.307
40.8167 3.317
40.8833 2.731
40.95 2.351
41.0167 2.579
41.0833 3.113
41.15 3.647
41.2167 5.095
41.2833 6.443
41.35 6.671
41.4167 5.681
41.4833 5.200
41.55 4.515
41.6167 2.915
41.6833 2.534
45.75 3.582
45.8167 3.368
45.8833 3.558
45.95 3.953
46.0167 4.244
46.0833 4.129
46.15 3.910
46.2167 3.896
46.2833 3.067
46.35 2.543
46.4167 2.628
46.4833 3.424
46.55 4.524
46.6167 6.233
46.6833 7.128
46.75 7.109
46.8167 7.395
46.8833 6.766
46.95 6.237
47.0167 5.818
47.0833 5.994
47.15 5.565
47.2167 6.560
47.2833 7.251
47.35 7.432
47.4167 7.817
47.55 5.945
47.6167 5.821
47.6833 5.087
47.75 4.863
47.8167 5.349
47.8833 5.835
47.95 5.711
48.0167 6.401
48.0833 6.582
48.15 6.053
48.2167 6.439
48.2833 5.400
48.35 4.262
48.4167 3.938
48.4833 4.628
48.55 4.709
48.6167 5.604
48.6833 6.195
48.75 6.480
48.8167 5.851
48.8833 6.037
48.95 5.308
49.0167 4.884
49.0833 5.070
49.15 5.460
49.2167 6.460
49.2833 7.665
49.35 8.665
49.4167 8.246
49.4833 8.536
49.55 8.117
49.6167 6.174
49.6833 5.145
49.75 3.407
49.8167 2.787
49.8833 2.878
49.95 4.087
50.0167 4.892
50.0833 6.916
50.15 8.026
50.2167 9.645
50.2833 9.740
50.35 10.140
50.4167 9.221
50.4833 8.507
50.55 8.097
50.6167 7.687
50.6833 7.787
50.75 8.802
50.8167 9.511
50.8833 10.426
50.95 10.631
51.0167 10.631
51.0833 10.431
51.15 10.026
51.2167 8.911
51.2833 7.697
51.35 7.702
51.4167 8.316
51.4833 8.831
51.55 10.259
51.6167 11.079
51.6833 11.798
51.75 12.722
51.8167 13.136
51.8833 12.841
51.95 11.936
52.0167 10.322
52.0833 9.012
52.15 7.703
52.2167 7.207
52.2833 7.017
52.35 7.131
52.4167 7.451
52.4833 8.075
52.55 8.699
52.6167 9.323
52.6833 9.032
52.75 8.947
52.8167 8.556
52.8833 8.166
52.95 7.471
53.0167 6.675
53.0833 5.980
53.15 5.185
53.2167 4.695
53.2833 4.509
53.35 4.323
53.4167 4.443
53.4833 4.867
53.55 5.291
53.6167 5.410
53.6833 5.529
53.75 5.853
53.8167 5.972
53.8833 5.482
53.95 5.296
54.0167 5.720
54.0833 5.230
54.15 4.839
54.2167 4.959
54.2833 5.178
54.35 5.297
54.4167 5.211
54.4833 5.735
54.55 6.260
54.6167 6.274
54.6833 6.898
54.75 7.117
54.8167 7.536
54.8833 6.636
54.95 5.836
55.0167 4.936
55.0833 4.236
55.15 4.046
55.2167 4.565
55.2833 4.780
55.35 5.399
55.4167 5.613
55.4833 5.318
55.55 5.732
55.6167 5.232
55.6833 4.123
55.75 3.113
55.8167 2.613
55.8833 2.313
55.95 2.318
56.0167 2.628
56.0833 2.328
56.15 2.128
56.2167 2.232
56.2833 1.828
56.35 1.728
56.4167 2.032
56.4833 2.337
56.55 2.642
56.6167 3.047
56.6833 3.247
56.75 3.042
56.8167 2.328
56.8833 1.713
56.95 1.708
57.0167 1.094
57.0833 0.884
57.15 1.384
57.2167 1.480
57.2833 2.284
57.35 2.580
57.4167 2.265
57.4833 1.646
57.55 1.127
57.6167 0.912
57.6833 0.698
57.75 0.888
57.8167 1.484
57.8833 1.979
57.95 2.269
58.0167 3.474
58.0833 3.560
58.15 3.950
58.2167 3.731
58.2833 3.611
58.35 3.797
58.4167 3.983
58.4833 4.473
58.55 4.454
58.6167 4.435
58.6833 4.415
58.75 4.191
58.8167 4.172
58.8833 4.253
58.95 4.639
59.0167 4.719
59.0833 5.105
59.15 5.591
59.2167 6.586
59.2833 7.071
59.35 6.847
59.4167 7.028
59.4833 6.904
59.55 6.780
59.6167 6.047
59.6833 5.213
59.75 4.784
59.8167 3.746
59.8833 3.622
59.95 3.193
60.0167 3.274
60.0833 3.455
60.15 4.145
60.2167 4.226
60.2833 4.307
60.35 4.083
60.4167 3.859
60.4833 2.620
60.55 2.091
60.6167 1.463
60.6833 1.443
60.75 1.629
60.8167 1.915
60.8833 2.710
60.95 3.405
61.0167 4.200
61.0833 4.286
61.15 4.067
61.2167 3.443
61.2833 2.819
61.35 2.195
61.4167 1.775
61.4833 1.661
61.55 1.751
61.6167 2.146
61.6833 2.846
61.75 3.446
61.8167 3.742
61.8833 3.632
61.95 3.522
62.0167 3.313
62.0833 3.408
62.15 3.503
62.2167 3.498
62.2833 3.698
62.35 3.594
62.4167 3.794
62.4833 3.894
62.55 4.298
62.6167 4.603
62.6833 4.603
62.75 4.808
62.8167 4.913
62.8833 4.813
62.95 5.222
63.0167 5.532
63.0833 5.232
63.15 5.442
63.2167 5.956
63.2833 5.761
63.35 5.870
63.4167 5.980
63.4833 5.685
63.55 4.985
63.6167 4.995
63.6833 4.499
63.75 4.409
63.8167 4.728
63.8833 4.843
63.95 5.467
64.0167 5.786
64.0833 6.005
64.15 6.224
64.2167 6.343
64.2833 6.463
64.35 5.972
64.4167 5.991
64.4833 5.401
64.55 5.115
64.6167 4.730
64.6833 4.344
64.75 4.263
64.8167 3.778
64.8833 3.902
64.95 3.721
65.0167 3.540
65.0833 3.564
65.15 3.688
65.2167 3.407
65.2833 3.027
65.35 3.051
65.4167 2.770
65.4833 2.694
65.55 2.618
65.6167 2.847
65.6833 3.480
65.75 4.319
65.8167 4.852
65.8833 5.386
65.95 5.210
66.0167 4.524
66.0833 4.143
66.15 3.458
66.2167 2.772
66.2833 2.796
66.35 2.720
66.4167 3.254
66.4833 3.583
66.55 3.202
66.6167 -0.432
66.6833 2.640
70.75 0.738
70.8167 0.824
70.8833 1.214
70.95 2.314
71.0167 2.609
71.0833 3.600
71.15 4.090
71.2167 4.985
71.2833 4.966
71.35 5.252
71.4167 4.928
71.4833 5.313
71.55 5.699
71.6167 5.780
71.6833 6.165
71.75 6.551
71.8167 6.632
71.8833 6.408
71.95 6.284
72.0167 5.755
72.0833 5.326
72.15 5.102
72.2167 4.368
72.2833 4.244
72.35 4.325
72.4167 3.896
72.4833 3.672
72.55 4.158
72.6167 4.543
72.6833 5.234
72.75 5.315
72.8167 5.700
72.8833 5.171
72.95 4.847
73.0167 4.928
73.0833 4.299
73.15 3.975
73.2167 3.956
73.2833 3.937
73.35 3.513
73.4167 3.699
73.4833 3.579
73.55 3.460
73.6167 3.546
73.6833 3.327
73.75 3.312
73.8167 3.703
73.8833 3.993
73.95 4.283
74.0167 4.169
74.0833 4.359
74.15 4.145
74.2167 4.640
74.2833 4.326
74.35 4.416
74.4167 4.407
74.4833 4.702
74.55 4.592
74.6167 5.092
74.6833 4.883
74.75 5.283
74.8167 5.073
74.8833 5.373
74.95 5.673
75.0167 6.178
75.0833 6.378
75.15 6.883
75.2167 6.678
75.2833 6.678
75.35 6.473
75.4167 6.373
75.4833 6.068
75.55 6.273
75.6167 6.073
75.6833 6.178
75.75 6.283
75.8167 6.287
75.8833 6.292
75.95 6.197
76.0167 6.102
76.0833 6.007
76.15 5.811
76.2167 5.616
76.2833 6.031
76.35 6.040
76.4167 6.559
76.4833 6.874
76.55 7.393
76.6167 7.607
76.6833 8.027
76.75 8.141
76.8167 8.255
76.8833 7.965
76.95 7.470
77.0167 6.875
77.0833 6.179
77.15 5.584
77.2167 4.584
77.2833 3.889
77.35 4.108
77.4167 4.327
77.4833 5.056
77.55 5.785
77.6167 6.614
77.6833 7.038
77.75 7.157
77.8167 6.667
77.8833 6.176
77.95 5.586
78.0167 4.791
78.0833 4.605
78.15 4.419
78.2167 4.539
78.2833 4.558
78.35 4.677
78.4167 4.491
78.4833 4.306
78.55 3.815
78.6167 3.325
78.6833 2.630
78.75 2.444
78.8167 2.663
78.8833 3.187
78.95 3.407
79.0167 4.235
79.0833 5.064
79.15 5.384
79.2167 5.298
79.2833 5.412
79.35 5.122
79.4167 4.527
79.4833 4.336
79.55 3.841
79.6167 4.056
79.6833 4.270
79.75 4.180
79.8167 4.089
79.8833 4.404
79.95 4.413
80.0167 3.813
80.0833 3.923
80.15 3.728
80.2167 3.937
80.2833 3.742
80.35 3.747
80.4167 3.956
80.4833 3.656
80.55 3.456
80.6167 3.156
80.6833 2.752
80.75 2.552
80.8167 2.147
80.8833 2.147
80.95 2.656
81.0167 3.061
81.0833 2.756
81.15 3.466
81.2167 3.056
81.2833 2.952
81.35 2.542
81.4167 1.928
81.4833 1.313
81.55 1.104
81.6167 1.199
81.6833 0.989
81.75 1.489
81.8167 1.989
81.8833 2.284
81.95 2.884
82.0167 2.875
82.0833 3.270
82.15 3.056
82.2167 3.451
82.2833 3.032
82.35 2.712
82.4167 2.293
82.4833 2.279
82.55 2.669
82.6167 2.960
82.6833 3.655
82.75 4.045
82.8167 4.231
82.8833 4.721
82.95 4.602
83.0167 3.873
83.0833 3.549
83.15 2.920
83.2167 2.596
83.2833 2.272
83.35 2.558
83.4167 2.334
83.4833 3.024
83.55 3.410
83.6167 3.491
83.6833 4.486
83.75 4.262
83.8167 4.038
83.8833 4.219
83.95 3.995
84.0167 4.175
84.0833 3.951
84.15 4.132
84.2167 3.908
84.2833 3.784
84.35 3.560
84.4167 3.641
84.4833 3.722
84.55 3.903
84.6167 3.983
84.6833 4.064
84.75 4.655
84.8167 5.040
84.8833 5.326
84.95 5.611
85.0167 5.592
85.0833 6.183
85.15 6.468
85.2167 6.349
85.2833 6.535
85.35 6.720
85.4167 6.196
85.4833 6.282
85.55 6.367
85.6167 6.453
85.6833 6.134
85.75 6.019
85.8167 5.700
85.8833 5.586
85.95 5.776
86.0167 5.562
86.0833 5.957
86.15 6.252
86.2167 6.547
86.2833 6.843
86.35 7.038
86.4167 7.233
86.4833 7.328
86.55 6.814
86.6167 6.299
86.6833 6.295
86.75 6.190
86.8167 6.085
86.8833 5.980
86.95 6.080
87.0167 6.180
87.0833 5.875
87.15 5.875
87.2167 6.080
87.2833 5.980
87.35 6.085
87.4167 5.885
87.4833 5.990
87.55 5.690
87.6167 6.204
87.6833 6.414
87.75 6.623
87.8167 6.733
87.8833 6.843
87.95 6.852
88.0167 6.557
88.0833 6.467
88.15 6.071
88.2167 5.676
88.2833 5.181
88.35 5.295
88.4167 5.310
88.4833 5.324
88.55 5.643
88.6167 5.558
88.6833 5.777
88.75 6.301
88.8167 6.115
88.8833 5.930
88.95 5.949
89.0167 5.968
89.0833 5.987
89.15 6.311
89.2167 6.231
89.2833 6.150
89.35 6.069
89.4167 5.379
89.4833 4.893
89.55 3.188
89.6167 3.617
89.6833 3.131
89.8167 2.570
89.8833 2.694
89.95 3.023
90.0167 2.742
90.0833 3.375
90.15 3.299
90.2167 3.628
90.2833 3.957
90.35 3.981
90.4167 3.905
90.4833 3.624
90.55 3.648
90.6167 3.267
90.6833 3.291
93.75 1.616
93.8833 1.411
93.95 2.120
94.0167 2.930
94.0833 2.825
94.15 2.820
94.2167 2.816
94.2833 2.811
94.35 2.906
94.4167 2.796
94.4833 2.892
94.55 2.272
94.6167 2.468
94.6833 2.458
94.75 3.158
94.8833 3.948
94.95 4.444
95.0167 4.839
95.0833 5.129
95.15 5.420
95.2167 5.405
95.2833 4.881
95.35 4.562
95.4167 4.648
95.4833 5.138
95.55 4.919
95.6167 5.409
95.8167 7.385
95.8833 7.571
95.95 7.956
96.0833 7.004
96.15 7.084
96.35 6.922
96.4167 7.003
96.4833 7.084
96.55 6.860
96.6167 7.245
96.6833 7.326
96.75 7.102
96.8167 6.878
96.8833 6.754
96.95 6.835
97.0167 6.915
97.0833 6.896
97.15 6.977
97.2167 7.363
97.2833 7.648
97.35 8.034
97.4167 8.015
97.4833 7.995
97.55 7.671
97.6167 7.043
97.6833 6.719
97.75 6.295
97.8167 5.566
97.8833 5.142
97.95 4.923
98.0167 4.803
98.0833 5.194
98.15 5.279
98.2167 5.570
98.2833 6.165
98.35 6.455
98.4167 6.746
98.4833 6.936
98.55 7.127
98.6167 7.317
98.6833 7.103
98.75 6.888
98.8167 6.879
98.8833 6.564
98.95 6.859
99.0167 6.445
99.0833 6.640
99.15 6.835
99.2167 6.626
99.2833 6.721
99.35 6.716
99.4167 7.321
99.4833 7.216
99.55 7.821
99.6167 7.921
99.6833 7.816
99.75 7.816
99.8167 7.611
99.8833 7.002
99.95 6.697
100.017 6.292
100.083 5.887
100.15 5.383
100.217 5.183
100.283 4.883
100.35 5.292
100.417 5.502
100.483 6.116
100.55 6.631
100.617 6.740
100.683 6.545
100.75 6.350
100.817 5.850
100.883 5.250
100.95 4.245
101.017 3.950
101.083 3.555
101.15 3.769
101.217 3.883
101.283 4.303
101.35 4.417
101.417 4.836
101.483 4.851
101.55 4.865
101.617 4.575
101.683 4.284
101.75 3.894
101.817 3.808
101.883 3.418
101.95 3.332
102.017 3.551
102.083 3.771
102.15 3.890
102.217 3.704
102.283 3.923
102.35 3.738
102.417 3.857
102.483 3.976
102.55 3.791
102.617 3.605
102.683 3.419
102.75 3.234
102.817 3.453
102.883 3.572
102.95 3.691
103.017 3.811
103.083 4.030
103.15 4.149
103.217 4.063
103.283 4.283
103.35 3.892
103.417 3.197
103.483 2.502
103.55 2.211
103.617 1.921
103.683 1.935
103.75 1.645
103.817 1.760
103.883 1.774
103.95 2.498
104.017 2.712
104.083 2.217
104.15 2.127
104.217 1.732
104.283 1.436
104.35 1.041
104.417 1.051
104.483 0.856
104.55 1.270
104.617 1.380
104.683 1.489
104.75 1.394
104.817 1.604
104.883 1.304
104.95 1.308
105.017 1.008
105.083 0.708
105.15 0.813
105.217 1.018
105.283 1.223
105.35 1.428
105.417 1.632
105.483 1.937
105.55 2.342
105.617 2.037
105.683 2.137
105.75 2.337
105.817 1.928
105.883 1.213
105.95 1.208
106.017 1.508
106.083 1.504
106.15 1.904
106.217 2.404
106.283 2.804
106.35 2.999
106.417 3.599
106.483 3.489
106.55 3.480
106.617 3.570
106.683 3.356
106.75 3.446
106.817 3.536
106.883 4.032
106.95 4.222
107.017 4.208
107.083 4.803
107.15 4.788
107.217 5.079
107.283 5.469
107.35 5.250
107.417 5.031
107.483 5.216
107.55 5.402
107.617 5.283
107.683 5.163
107.75 5.044
107.817 5.025
107.883 4.906
107.95 5.496
108.017 5.477
108.083 6.167
108.15 6.453
108.217 6.739
108.283 6.819
108.35 6.800
108.417 6.881
108.483 6.352
108.55 6.638
108.617 6.414
108.683 6.395
108.75 6.171
108.817 5.947
108.883 5.623
108.95 5.399
109.017 5.075
109.083 4.751
109.15 4.731
109.217 4.407
109.283 4.693
109.35 4.674
109.417 4.859
109.483 4.840
109.55 4.721
109.617 4.602
109.683 3.773
109.75 3.654
109.817 3.435
109.883 3.215
109.95 3.201
110.017 3.187
110.083 3.477
110.15 3.767
110.217 4.263
110.283 4.453
110.35 5.253
110.417 5.039
110.483 4.824
110.55 4.305
110.617 3.686
110.683 2.762
110.75 2.043
110.817 1.323
110.883 1.114
110.95 1.004
111.017 0.999
111.083 1.704
111.15 2.004
111.217 2.204
111.283 2.709
111.35 3.214
111.417 3.314
111.483 3.414
111.55 3.109
111.617 2.804
111.683 2.704
111.75 2.299
111.817 1.895
111.883 1.999
111.95 2.409
112.017 2.414
112.083 2.723
112.15 3.238
112.217 3.752
112.283 3.962
112.35 4.071
112.417 4.181
112.483 3.886
112.55 3.895
112.617 3.600
112.683 3.205
112.817 2.619
112.883 2.124
112.95 1.629
113.017 1.643
113.083 1.658
113.15 1.672
113.217 1.891
113.283 2.111
113.35 2.025
113.417 2.144
113.483 2.668
113.55 2.687
113.617 2.502
113.683 2.216
113.75 2.235
113.817 2.559
113.883 1.664
113.95 2.193
114.017 2.112
114.083 1.727
114.15 1.341
114.217 1.260
114.283 0.470
114.35 0.389
114.417 0.513
114.483 0.332
114.55 -0.153
114.617 0.885
114.683 1.009
114.75 1.133
114.817 -0.572
114.883 1.076
114.95 1.505
115.017 0.410
115.083 0.739
115.15 1.472
115.217 0.682
115.283 0.806
115.35 0.725
115.417 0.849
115.483 0.973
115.55 0.892
115.617 0.811
115.683 0.326
118.75 1.048
118.817 1.753
118.883 2.153
118.95 2.553
119.017 3.058
119.083 3.858
119.15 4.053
119.217 4.348
119.283 4.948
119.35 5.039
119.417 5.739
119.483 6.134
119.55 6.934
119.617 7.734
119.683 8.229
119.75 4.252
119.817 4.238
119.883 4.224
119.95 4.309
120.017 4.090
120.083 4.176
120.15 3.956
120.217 3.837
120.283 4.023
120.35 4.208
120.417 4.394
120.483 4.275
120.55 4.560
120.617 4.746
120.683 5.032
120.75 4.708
120.817 4.079
120.883 4.364
120.95 4.040
121.017 3.816
121.083 3.797
121.15 4.083
121.217 4.163
121.283 4.144
121.35 4.530
121.417 4.815
121.483 4.491
121.55 4.777
121.617 4.758
121.683 5.143
121.75 5.024
121.817 4.395
121.883 4.071
121.95 3.443
122.017 3.019
122.083 2.899
122.15 2.780
122.217 2.356
122.283 2.542
122.35 2.627
122.417 3.018
122.483 3.103
122.55 3.494
122.617 3.579
122.683 3.565
122.75 3.551
122.817 3.131
122.883 2.812
122.95 2.088
123.017 1.364
123.083 0.845
123.15 0.631
123.217 1.026
123.283 1.321
123.35 1.616
123.417 2.216
123.483 2.411
123.55 2.911
123.617 3.411
123.683 3.507
123.75 3.297
123.817 3.087
123.883 2.473
123.95 2.163
124.017 1.754
124.083 1.649
124.15 1.544
124.217 1.339
124.283 1.439
124.35 1.744
124.417 2.049
124.483 2.963
124.55 3.473
124.617 3.678
124.683 4.087
124.75 3.887
124.817 3.992
124.883 3.387
124.95 3.392
125.017 3.092
125.083 2.692
125.15 1.987
125.217 1.487
125.283 1.597
125.35 1.402
125.417 1.411
125.483 1.826
125.55 2.040
125.617 2.355
125.683 2.569
125.75 2.479
125.817 2.388
125.883 2.503
125.95 2.007
126.017 1.817
126.083 1.931
126.15 1.946
126.217 2.265
126.283 2.889
126.35 3.513
126.417 4.137
126.483 4.356
126.55 4.675
126.617 4.285
126.683 3.895
126.75 3.809
126.817 3.419
126.883 2.723
126.95 2.638
127.017 2.552
127.083 2.771
127.15 2.586
127.217 2.805
127.283 2.719
127.35 2.634
127.417 2.853
127.483 2.767
127.55 2.987
127.617 2.901
127.683 2.206
127.75 2.120
127.817 2.439
127.883 2.454
127.95 2.368
128.017 2.383
128.083 2.497
128.15 2.207
128.217 2.016
128.283 1.421
128.35 1.535
128.417 0.835
128.483 0.950
128.55 1.164
128.617 1.379
128.683 1.288
128.75 1.298
128.817 1.308
128.883 1.317
128.95 0.717
129.017 0.522
129.083 0.327
129.15 0.232
129.217 -0.268
129.283 -0.364
129.35 -0.359
129.417 -0.454
129.483 -0.349
129.55 -0.040
129.617 -0.240
129.683 -0.440
129.75 -0.335
129.817 -0.130
129.883 -0.230
129.95 -0.025
130.017 -0.025
130.083 -0.025
130.15 -0.230
130.217 -0.435
130.283 -0.335
130.35 -0.135
130.417 -0.240
130.483 -0.344
130.55 0.260
130.617 0.560
130.683 1.165
130.75 1.260
130.817 1.356
130.883 1.756
130.95 1.951
131.017 1.841
131.083 1.732
131.15 2.027
131.217 2.017
131.283 2.008
131.35 2.098
131.417 2.493
131.483 2.279
131.55 2.469
131.617 2.560
131.683 2.545
131.75 2.735
131.817 3.026
131.883 3.216
131.95 3.607
132.017 3.592
132.083 3.578
132.15 3.663
132.217 3.749
132.283 3.530
132.35 3.411
132.417 3.191
132.483 3.072
132.55 3.258
132.617 3.648
132.683 4.139
132.75 4.424
132.817 4.610
132.883 4.491
132.95 4.067
133.017 4.047
133.083 3.928
133.15 3.504
133.217 3.485
133.283 3.366
133.35 3.247
133.417 3.127
133.483 3.413
133.55 3.294
133.617 3.479
133.683 3.870
133.75 3.751
133.817 3.936
133.883 4.022
133.95 3.598
134.017 3.379
134.083 3.159
134.15 2.840
134.217 2.621
134.283 1.997
134.35 1.983
134.417 2.273
134.483 2.463
134.55 2.754
134.617 2.844
134.683 3.339
134.75 3.125
134.817 3.315
134.883 3.306
134.95 3.396
135.017 3.082
135.083 2.667
135.15 2.353
135.217 2.243
135.283 1.829
135.35 1.619
135.417 1.410
135.483 1.100
135.55 0.891
135.617 0.786
135.683 0.781
135.75 0.981
135.817 1.386
135.883 1.586
135.95 1.686
136.017 1.686
136.083 1.381
136.15 1.076
136.217 0.671
136.283 0.267
136.35 0.067
136.417 -0.033
136.483 -0.029
136.55 0.076
136.617 0.081
136.683 -0.014
136.75 0.195
136.817 0.100
136.883 0.310
136.95 0.419
137.017 -0.081
137.083 -0.071
137.15 -0.061
137.217 0.253
137.283 0.163
137.35 0.172
137.417 -0.323
137.483 -0.413
137.55 -0.604
137.617 -0.489
137.683 -0.475
137.75 -0.361
137.817 -0.041
137.883 0.178
137.95 0.802
138.017 1.326
138.15 1.459
138.217 1.579
138.283 1.493
138.35 1.307
138.417 1.122
138.483 0.531
138.55 0.346
138.617 0.060
138.683 0.179
138.817 0.218
138.883 0.542
138.95 1.071
139.017 1.395
139.083 1.719
139.15 1.943
139.217 1.962
139.283 1.576
139.35 1.900
139.417 1.819
139.483 1.534
139.55 1.453
139.617 1.167
139.683 0.782
