-24.9833 1.470
-24.95 0.865
-24.9167 0.761
-24.8833 -0.563
-24.85 -0.768
-24.8167 -0.568
-24.7833 -0.773
-24.75 -0.268
-24.7167 -0.168
-24.6833 -0.273
-24.65 -0.173
-24.6167 -0.378
-24.5833 -0.483
-24.55 0.532
-24.5167 0.327
-24.4833 1.037
-24.45 0.222
-24.4167 0.017
-24.3833 0.117
-24.35 -0.392
-24.3167 0.013
-24.2833 0.722
-24.25 -0.497
-24.2167 0.517
-24.1833 0.617
-24.15 -1.211
-24.1167 -0.197
-24.0833 -0.197
-24.05 0.208
-24.0167 0.817
-23.9833 0.817
-23.95 0.917
-23.9167 0.917
-23.8833 0.308
-23.85 1.222
-23.8167 1.017
-23.7833 1.017
-23.75 1.322
-23.7167 1.932
-23.6833 1.017
-23.65 0.613
-23.6167 0.308
-23.5833 0.003
-23.55 -0.302
-23.5167 -0.302
-23.4833 -0.402
-23.45 -0.402
-23.4167 -0.197
-23.3833 0.413
-23.35 1.327
-23.3167 1.837
-23.2833 1.432
-23.25 -0.092
-23.2167 -1.107
-23.1833 -0.497
-23.15 -0.902
-23.1167 -0.087
-23.0833 1.032
-23.05 -0.187
-23.0167 0.322
-22.9833 -0.083
-22.95 -0.183
-22.9167 0.632
-22.8833 0.532
-22.85 1.041
-22.8167 0.027
-22.7833 -0.073
-22.75 0.437
-22.7167 0.641
-22.6833 -0.373
-22.65 0.137
-22.6167 0.646
-22.5833 0.751
-22.55 0.041
-22.5167 -0.059
-22.4833 0.756
-22.45 0.656
-22.4167 0.456
-22.3833 0.661
-22.35 1.170
-22.3167 0.765
-22.2833 0.565
-22.25 0.161
-22.2167 -0.549
-22.1833 -0.444
-22.15 0.675
-22.1167 2.709
-22.0833 2.204
-22.05 2.104
-22.0167 2.209
-21.9833 2.413
-21.95 1.704
-21.9167 2.113
-21.8833 2.318
-21.85 2.828
-21.8167 2.323
-21.7833 1.309
-21.75 1.718
-21.7167 2.837
-21.6833 3.042
-21.65 2.537
-21.6167 2.742
-21.5833 2.237
-21.55 2.137
-21.5167 1.733
-21.4833 1.837
-21.45 2.652
-21.4167 3.161
-21.3833 2.657
-21.35 3.166
-21.3167 3.371
-21.2833 3.576
-21.25 4.290
-21.2167 4.190
-21.1833 3.176
-21.15 2.466
-21.1167 2.266
-21.0833 2.471
-21.05 2.676
-21.0167 2.576
-20.9833 3.390
-20.95 2.985
-20.9167 2.885
-20.8833 3.090
-20.85 2.890
-20.8167 2.181
-20.7833 2.385
-20.75 1.676
-20.7167 1.676
-20.6833 0.966
-20.65 1.781
-20.6167 3.509
-20.5833 2.495
-20.55 3.005
-20.5167 3.005
-20.4833 2.905
-20.45 2.500
-20.4167 1.790
-20.3833 2.400
-20.35 1.385
-20.3167 1.385
-20.2833 1.590
-20.25 1.895
-20.2167 2.709
-20.1833 3.624
-20.15 3.219
-20.1167 3.219
-20.0833 2.914
-20.05 2.205
-20.0167 1.900
-19.9833 1.290
-19.95 1.595
-19.9167 1.900
-19.8833 1.900
-19.85 2.205
-19.8167 1.595
-19.7833 1.900
-19.75 2.814
-19.7167 3.729
-19.6833 2.609
-19.65 2.609
-19.6167 2.305
-19.5833 1.795
-19.55 1.795
-19.5167 2.200
-19.4833 1.895
-19.45 1.690
-19.4167 1.081
-19.3833 2.400
-19.35 2.500
-19.3167 1.990
-19.2833 3.005
-19.25 2.090
-19.2167 1.276
-19.1833 0.766
-19.15 0.357
-19.1167 1.066
-19.0833 2.081
-19.05 2.790
-19.0167 2.076
-18.9833 1.871
-18.95 1.361
-18.9167 2.171
-18.8833 1.966
-18.85 2.166
-18.8167 2.366
-18.7833 1.857
-18.75 1.752
-18.7167 1.342
-18.6833 1.847
-18.65 2.961
-18.6167 3.161
-18.5833 2.142
-18.55 2.037
-18.5167 1.628
-18.4833 0.913
-18.45 0.604
-18.4167 0.804
-18.3833 2.223
-18.35 1.913
-18.3167 2.113
-18.2833 1.804
-18.25 1.494
-18.2167 1.085
-18.1833 1.994
-18.15 2.294
-18.1167 2.594
-18.0833 1.675
-18.05 1.875
-18.0167 2.175
-17.9833 1.356
-17.95 1.351
-17.9167 2.261
-17.8833 2.865
-17.85 2.251
-17.8167 2.041
-17.7833 2.037
-17.75 1.727
-17.7167 2.127
-17.6833 1.513
-17.65 1.913
-17.6167 1.908
-17.5833 1.698
-17.55 1.793
-17.5167 1.789
-17.4833 1.884
-17.45 1.979
-17.4167 2.684
-17.3833 2.474
-17.35 1.960
-17.3167 2.055
-17.2833 2.150
-17.25 1.941
-17.2167 2.341
-17.1833 2.131
-17.15 2.226
-17.1167 2.626
-17.0833 2.112
-17.05 1.697
-17.0167 2.707
-16.9833 2.497
-16.95 2.388
-16.9167 2.178
-16.8833 1.054
-16.85 1.249
-16.8167 0.735
-16.7833 0.930
-16.75 1.330
-16.7167 1.221
-16.6833 1.416
-16.65 1.511
-16.6167 1.401
-16.5833 1.497
-16.55 1.082
-16.5167 1.277
-16.4833 1.372
-16.45 1.263
-16.4167 1.763
-16.3833 1.653
-16.35 1.748
-16.3167 1.639
-16.2833 0.920
-16.25 0.505
-16.2167 1.005
-16.1833 1.405
-16.15 2.210
-16.1167 2.100
-16.0833 1.991
-16.05 1.881
-16.0167 1.772
-15.9833 1.562
-15.95 1.452
-15.9167 2.257
-15.8833 1.233
-15.85 2.038
-15.8167 1.319
-15.7833 1.414
-15.75 1.304
-15.7167 1.195
-15.6833 1.695
-15.65 2.500
-15.6167 1.680
-15.5833 2.180
-15.55 2.680
-15.5167 1.352
-15.4833 1.547
-15.45 1.947
-15.4167 2.142
-15.3833 1.728
-15.35 1.518
-15.3167 1.104
-15.2833 1.504
-15.25 1.699
-15.2167 1.894
-15.1833 1.684
-15.15 2.489
-15.1167 2.280
-15.0833 2.475
-15.05 2.875
-15.0167 2.360
-14.9833 2.556
-14.95 2.346
-14.9167 1.832
-14.8833 1.927
-14.85 2.427
-14.8167 1.912
-14.7833 1.398
-14.75 1.188
-14.7167 1.284
-14.6833 1.379
-14.65 1.169
-14.6167 1.264
-14.5833 1.260
-14.55 1.964
-14.5167 0.840
-14.4833 0.531
-14.45 0.321
-14.4167 0.112
-14.3833 0.716
-14.35 1.931
-14.3167 0.807
-14.2833 0.802
-14.25 1.102
-14.2167 0.488
-14.1833 0.788
-14.15 1.188
-14.1167 1.388
-14.0833 1.078
-14.05 1.378
-14.0167 1.678
-13.9833 1.673
-13.95 1.568
-13.9167 0.954
-13.8833 -0.065
-13.85 0.844
-13.8167 2.264
-13.7833 2.464
-13.75 2.054
-13.7167 2.354
-13.6833 2.249
-13.65 1.435
-13.6167 0.416
-13.5833 0.006
-13.55 0.816
-13.5167 1.220
-13.4833 1.116
-13.45 0.911
-13.4167 1.416
-13.3833 1.211
-13.35 0.701
-13.3167 0.192
-13.2833 0.292
-13.25 -0.218
-13.2167 0.187
-13.1833 0.896
-13.15 0.996
-13.1167 1.911
-13.0833 1.401
-13.05 2.011
-13.0167 2.111
-12.9833 1.806
-12.95 1.806
-12.9167 2.111
-12.8833 1.806
-12.85 1.806
-12.8167 1.196
-12.7833 1.401
-12.75 0.792
-12.7167 1.301
-12.6833 1.606
-12.65 2.116
-12.6167 2.320
-12.5833 2.016
-12.55 2.220
-12.5167 1.816
-12.4833 2.225
-12.45 2.125
-12.4167 1.720
-12.3833 2.230
-12.35 2.335
-12.3167 2.440
-12.2833 2.340
-12.25 2.140
-12.2167 2.549
-12.1833 2.044
-12.15 3.368
-12.1167 3.473
-12.0833 3.273
-12.05 3.278
-12.0167 2.773
-11.9833 2.878
-11.95 3.188
-11.9167 3.497
-11.8833 4.212
-11.85 4.216
-11.8167 4.831
-11.7833 4.531
-11.75 4.231
-11.7167 3.831
-11.6833 3.531
-11.65 3.231
-11.6167 3.440
-11.5833 3.750
-11.55 3.350
-11.5167 3.560
-11.4833 3.869
-11.45 3.774
-11.4167 3.374
-11.3833 3.584
-11.35 3.488
-11.3167 3.393
-11.2833 3.808
-11.25 4.017
-11.2167 4.532
-11.1833 4.641
-11.15 4.241
-11.1167 3.436
-11.0833 3.241
-11.05 3.351
-11.0167 3.865
-10.9833 4.584
-10.95 4.389
-10.9167 4.194
-10.8833 3.694
-10.85 2.789
-10.8167 2.594
-10.7833 3.008
-10.75 3.423
-10.7167 3.737
-10.6833 4.152
-10.65 3.552
-10.6167 3.052
-10.5833 3.366
-10.55 3.376
-10.5167 3.485
-10.4833 4.714
-10.45 5.028
-10.4167 4.733
-10.3833 4.743
-10.35 4.448
-10.3167 3.848
-10.2833 3.552
-10.25 3.562
-10.2167 3.876
-10.1833 3.886
-10.15 3.796
-10.1167 2.891
-10.0833 3.205
-10.05 3.824
-10.0167 2.515
-9.98333 3.744
-9.95 4.568
-9.91666 4.272
-9.88333 4.487
-9.84999 3.582
-9.81668 3.187
-9.78334 3.197
-9.75001 3.716
-9.71667 3.421
-9.68333 3.635
-9.65 3.240
-9.61666 4.164
-9.58333 4.378
-9.54999 3.373
-9.51668 3.993
-9.48334 4.207
-9.45001 3.507
-9.41667 3.417
-9.38333 2.817
-9.35 2.726
-9.31666 2.941
-9.28333 2.850
-9.24999 3.774
-9.21668 3.989
-9.18334 3.593
-9.15001 3.503
-9.11667 3.413
-9.08333 2.813
-9.05 3.027
-9.01666 2.632
-8.98333 2.641
-8.94999 2.856
-8.91668 3.070
-8.88334 3.285
-8.85001 3.194
-8.81667 2.899
-8.78333 2.504
-8.75 1.804
-8.71666 1.713
-8.68333 2.333
-8.64999 2.852
-8.61668 2.761
-8.58334 3.381
-8.55001 3.290
-8.51667 3.300
-8.48333 3.514
-8.45 3.219
-8.41666 3.129
-8.38333 2.833
-8.34999 3.048
-8.31668 3.362
-8.28334 2.967
-8.25001 3.281
-8.21667 2.886
-8.18333 2.896
-8.15 2.905
-8.11666 3.220
-8.08333 3.129
-8.04999 2.225
-8.01668 2.539
-7.98334 2.853
-7.95001 2.558
-7.91667 2.568
-7.88333 3.187
-7.85 1.977
-7.81666 2.597
-7.78333 1.997
-7.74999 2.006
-7.71668 2.116
-7.68334 2.430
-7.65001 1.830
-7.61667 2.245
-7.58333 1.645
-7.55 1.754
-7.51666 2.678
-7.48333 2.788
-7.44999 1.678
-7.41668 2.602
-7.38334 2.712
-7.35001 2.821
-7.31667 2.321
-7.28333 1.821
-7.25 2.236
-7.21666 1.126
-7.18333 0.321
-7.14999 1.445
-7.11668 1.555
-7.08334 2.274
-7.05001 2.789
-7.01667 2.289
-6.98333 1.584
-6.95 0.269
-6.91666 0.684
-6.88333 0.893
-6.84999 1.103
-6.81668 1.313
-6.78334 1.522
-6.75001 1.122
-6.71667 1.127
-6.68333 0.727
-6.65 1.241
-6.61666 1.856
-6.58333 0.237
-6.54999 0.546
-6.51668 0.551
-6.48334 1.470
-6.45001 1.680
-6.41667 1.989
-6.38333 1.485
-6.35 0.575
-6.31666 -0.030
-6.28333 -0.330
-6.24999 -0.225
-6.21668 0.085
-6.11667 0.604
-6.01666 0.918
-5.88334 1.133
-5.81667 0.223
-5.78333 0.428
-5.75 0.328
-5.71666 -0.382
-5.61668 0.537
-5.58334 -0.477
-5.55001 0.642
-5.51667 0.642
-5.48333 1.457
-5.45 0.847
-5.41666 0.542
-5.38333 -0.167
-5.34999 0.137
-5.31668 0.747
-5.28334 0.137
-5.25001 1.052
-5.21667 1.762
-5.18333 1.152
-5.15 1.152
-5.11666 0.947
-5.08333 0.642
-5.04999 0.742
-5.01668 -0.072
-4.98334 0.028
-4.95001 1.347
-4.91667 1.142
-4.88333 1.852
-4.85 2.257
-4.81666 1.442
-4.78333 1.542
-4.74999 1.742
-4.71668 0.623
-4.68334 1.128
-4.65001 1.633
-4.61667 1.123
-4.58333 1.628
-4.55 0.304
-4.51666 0.504
-4.48333 0.094
-4.44999 0.599
-4.41668 0.189
-4.38334 -0.220
-4.35001 0.994
-4.31667 0.889
-4.28333 1.189
-4.25 0.170
-4.21666 1.385
-4.18333 0.975
-4.14999 0.970
-4.11668 1.880
-4.08334 0.961
-4.05001 1.465
-4.01667 1.461
-3.98333 0.541
-3.95 0.637
-3.91666 1.241
-3.88333 0.932
-3.84999 1.537
-3.81668 0.313
-3.78334 0.103
-3.75001 0.403
-3.71667 -0.211
-3.68333 0.798
-3.65 1.098
-3.61666 0.889
-3.58333 0.679
-3.54999 1.284
-3.51668 0.769
-3.48334 0.255
-3.45001 1.265
-3.41667 1.260
-3.38333 0.441
-3.35 1.145
-3.31666 1.545
-3.28333 0.726
-3.24999 0.821
-3.21668 0.002
-3.18334 0.097
-3.15001 0.193
-3.11667 0.593
-3.08333 0.383
-3.05 1.697
-3.01666 1.793
-2.98333 1.683
-2.94999 1.473
-2.91668 0.349
-2.88334 0.445
-2.85001 0.235
-2.81667 0.430
-2.78333 1.745
-2.75 1.840
-2.71666 1.021
-2.68333 1.421
-2.64999 1.311
-2.61668 0.797
-2.58334 1.501
-2.55001 0.782
-2.51667 1.487
-2.48333 1.887
-2.45 1.677
-2.41666 1.163
-2.38333 2.273
-2.34999 1.453
-2.31668 1.853
-2.28334 1.339
-2.25001 0.620
-2.21667 0.105
-2.18333 0.201
-2.15 0.601
-2.11666 0.391
-2.08333 0.486
-2.04999 1.191
-2.01668 0.677
-1.98334 1.381
-1.95001 1.477
-1.91667 1.877
-1.88333 1.667
-1.85 1.457
-1.81666 0.638
-1.78333 1.343
-1.74999 1.438
-1.71668 1.838
-1.68334 1.629
-1.65001 1.929
-1.61667 1.719
-1.58333 2.424
-1.55 1.505
-1.51666 2.209
-1.48333 2.000
-1.44999 1.690
-1.41668 2.700
-1.38334 1.476
-1.35001 1.876
-1.31667 1.871
-1.28333 1.561
-1.25 1.657
-1.21666 1.957
-1.18333 2.561
-1.14999 2.861
-1.11668 1.942
-1.08334 2.037
-1.05001 2.947
-1.01667 2.333
-0.983333 3.042
-0.949997 2.833
-0.916661 2.218
-0.883325 2.213
-0.849989 2.209
-0.816677 2.204
-0.783341 2.404
-0.750005 1.789
-0.716669 2.699
-0.683333 2.594
-0.649997 2.285
-0.616661 2.180
-0.583325 2.075
-0.549989 2.375
-0.516677 2.880
-0.483341 2.775
-0.450005 2.670
-0.416669 2.261
-0.383333 3.170
-0.349997 3.370
-0.316661 4.080
-0.283325 3.670
-0.249989 4.175
-0.216677 4.070
-0.183341 3.356
-0.150005 3.456
-0.116669 3.961
-0.0833333 3.246
-0.0499973 3.956
-0.0166613 3.851
0.0166747 3.341
0.0500107 3.746
0.0833227 3.641
0.116659 4.351
0.149995 4.451
0.183331 4.246
0.216667 4.041
0.250003 4.446
0.283339 4.241
0.316675 4.037
0.350011 5.051
0.383323 5.761
0.416659 5.556
0.449995 4.032
0.483331 3.827
0.516667 3.927
0.550003 4.841
0.583339 4.027
0.616675 4.332
0.650011 3.722
0.683323 3.822
0.716659 5.651
0.749995 3.517
0.783331 3.822
0.816667 3.517
0.850003 4.432
0.883339 4.737
0.916675 4.127
0.950011 4.432
0.983323 3.517
1.01666 5.346
1.04999 4.127
1.08333 5.246
1.11667 5.246
1.15 5.146
1.18334 4.841
1.21667 5.451
1.25001 4.437
1.28332 4.337
1.31666 2.508
1.34999 3.322
1.38333 2.917
1.41667 3.832
1.45 3.427
1.48334 2.717
1.51667 3.532
1.55001 4.651
1.58332 3.941
1.61666 2.927
1.64999 2.217
1.68333 3.641
1.71667 3.846
1.75 2.832
1.78334 4.256
1.81667 2.937
1.85001 2.432
1.88332 3.551
1.91666 3.756
1.94999 4.470
1.98333 5.285
2.01667 4.270
2.05 2.851
2.08334 3.056
2.11667 2.956
2.15001 3.670
2.18332 3.265
2.21666 4.285
2.24999 3.270
2.28333 2.765
2.31667 2.361
2.35 1.856
2.38334 3.485
2.41667 3.994
2.45001 5.013
2.48332 4.609
2.51666 3.494
2.54999 3.294
2.58333 3.499
2.61667 2.689
2.65 3.504
2.68334 5.437
2.71667 4.933
2.75001 3.613
2.78332 3.413
2.81666 3.518
2.84999 5.247
2.88333 4.742
2.91667 5.252
2.95 5.052
2.98334 3.633
3.01667 4.142
3.05001 3.942
3.08332 3.742
3.11666 5.166
3.14999 5.576
3.18333 5.171
3.21667 4.361
3.25 3.957
3.28334 4.976
3.31667 5.081
3.35001 4.371
3.38332 4.171
3.41666 4.681
3.44999 3.666
3.48333 3.161
3.51667 5.805
3.55 17.797
3.58334 53.054
3.61667 116.657
3.65001 172.236
3.68332 174.879
3.71666 123.877
3.74999 59.669
3.78333 12.629
3.81667 -14.903
3.85 -29.328
3.88334 -41.925
3.91667 -40.906
3.95001 -4.125
3.98332 -24.647
4.01666 -69.248
4.04999 -73.310
4.08333 -73.105
4.11667 -73.815
4.15 -44.349
4.18334 -58.370
4.21667 -75.844
4.25001 -18.946
4.28332 19.054
4.31666 67.113
4.34999 99.727
4.38333 125.535
4.41667 81.948
4.45 61.426
4.48334 23.226
4.51667 -7.254
4.55001 9.715
4.58332 23.736
4.61666 -1.258
4.64999 -20.865
4.68333 -44.030
4.71667 -37.934
4.75 -53.479
4.78334 -61.404
4.81667 -40.777
4.85001 23.231
4.88332 59.198
4.91666 84.596
4.94999 80.024
4.98333 34.304
5.01667 -1.358
5.05 -23.913
5.08334 -49.721
5.11667 -46.978
5.15001 35.013
5.18332 92.721
5.21666 96.683
5.24999 82.458
5.28333 34.299
5.31667 23.731
5.35 -11.831
5.38334 -28.190
5.41667 -35.405
5.45001 -53.693
5.48332 -67.919
5.51666 -69.952
5.54999 -52.074
5.58333 5.633
5.61667 68.218
5.65 97.883
5.68334 93.106
5.71667 39.966
5.75001 -5.959
5.78332 -28.924
5.81666 -39.187
5.84999 -49.655
5.88333 -41.530
5.91667 14.044
5.95 70.632
5.98334 93.692
6.01667 99.988
6.05001 67.879
6.08332 27.236
6.11666 -8.226
6.14999 -26.924
6.18333 -14.531
6.21667 1.009
6.25 15.229
6.28334 14.210
6.31667 12.072
6.35001 20.197
6.38332 29.641
6.41666 10.129
6.44999 -36.001
6.48333 -51.856
6.51667 -32.048
6.55 3.304
6.58334 15.796
6.61667 28.897
6.65001 27.978
6.68332 2.675
6.71666 1.451
6.74999 -15.928
6.78333 -6.788
6.81667 31.102
6.85 61.273
6.88334 60.658
6.91667 40.027
6.95001 -8.746
6.98332 -23.281
7.01666 -8.246
7.04999 1.498
7.08333 14.090
7.11667 12.661
7.15 -4.412
7.18334 -35.102
7.21667 -38.360
7.25001 -26.682
7.28332 -7.384
7.31666 0.636
7.34999 26.944
7.38333 49.085
7.41667 47.961
7.45 34.340
7.48334 18.585
7.51667 20.205
7.55001 30.763
7.58332 42.441
7.61666 38.064
7.64999 10.727
7.68333 -22.606
7.71667 -32.874
7.75 -32.374
7.78334 -37.156
7.81667 -13.491
7.85001 17.694
7.88332 31.301
7.91666 49.784
7.94999 53.332
7.98333 33.005
8.01667 20.094
8.05 6.573
8.08334 -9.081
8.11667 -21.688
8.15001 -17.630
8.18332 -6.767
8.21666 18.117
8.24999 28.066
8.28333 28.871
8.31667 12.607
8.35 -12.801
8.38334 -20.531
8.41667 -13.020
8.45001 -9.777
8.48332 -12.935
8.51666 0.672
8.54999 15.497
8.58333 19.960
8.61667 23.508
8.65 27.056
8.68334 26.337
8.71667 4.891
8.75001 -13.202
8.78332 -9.044
8.81666 -8.849
8.84999 -9.873
8.88333 8.915
8.91667 13.987
8.95 -4.411
8.98334 -3.911
9.01667 -8.592
9.05001 19.645
9.08332 47.272
9.11666 42.590
9.14999 37.299
9.18333 36.885
9.21667 20.316
9.25 6.490
9.28334 4.247
9.31667 -5.007
9.35001 -15.275
9.38332 -10.812
9.41666 -13.056
9.44999 9.695
9.48333 18.629
9.51667 10.290
9.55 1.546
9.58334 -5.269
9.61667 -0.907
9.65001 -7.112
9.68332 -22.867
9.71666 -26.329
9.74999 -14.042
9.78333 10.742
9.81667 31.969
9.85 34.807
9.88334 27.282
9.91667 10.918
9.95001 -2.703
9.98332 -1.998
10.0167 -2.817
10.05 -2.112
10.0833 0.421
10.1167 -3.446
10.15 -11.580
10.1833 3.045
10.2167 28.134
10.25 32.092
10.2833 19.995
10.3167 19.380
10.35 14.294
10.3833 3.621
10.4167 -11.014
10.45 -15.896
10.4833 -7.366
10.5167 -8.285
10.55 -22.006
10.5833 -21.401
10.6167 2.978
10.65 9.984
10.6833 4.392
10.7167 1.340
10.75 -6.995
10.7833 -11.267
10.8167 -6.800
10.85 -3.552
10.8833 6.707
10.9167 17.880
10.95 20.213
10.9833 23.766
11.0167 31.586
11.05 28.433
11.0833 28.533
11.1167 29.343
11.15 29.138
11.1833 26.595
11.2167 15.112
11.25 -4.295
11.2833 -10.596
11.3167 -15.068
11.35 -19.844
11.3833 -28.584
11.4167 -30.617
11.45 -22.693
11.4833 -11.924
11.5167 -7.048
11.55 -3.390
11.5833 8.597
11.6167 21.704
11.65 29.324
11.6833 33.286
11.7167 29.933
11.75 18.960
11.7833 22.213
11.8167 25.566
11.85 16.322
11.8833 1.692
11.9167 -4.504
11.95 -5.214
11.9833 -6.533
12.0167 -11.205
12.05 -9.172
12.0833 -2.261
12.1167 -8.457
12.15 -21.764
12.1833 -25.521
12.2167 -17.187
12.25 6.183
12.2833 17.260
12.3167 14.927
12.35 19.299
12.3833 16.051
12.4167 10.060
12.45 12.603
12.4833 12.912
12.5167 12.408
12.55 7.840
12.5833 -2.113
12.6167 -5.766
12.65 -6.980
12.6833 -8.195
12.7167 0.649
12.75 9.493
12.7833 4.012
12.8167 0.664
12.85 -1.770
12.8833 -2.170
12.9167 16.428
12.95 29.744
12.9833 21.114
13.0167 20.204
13.05 14.013
13.0833 7.212
13.1167 3.155
13.15 -7.304
13.1833 -14.509
13.2167 -10.337
13.25 -8.908
13.2833 -5.751
13.3167 7.565
13.35 13.466
13.3833 20.686
13.4167 17.138
13.45 10.847
13.4833 6.080
13.5167 2.227
13.55 -4.369
13.5833 1.227
13.6167 1.946
13.65 1.956
13.6833 21.268
13.7167 29.607
13.75 26.569
13.7833 20.887
13.8167 9.314
13.85 -0.635
13.8833 -3.673
13.9167 -15.246
13.95 -14.932
13.9833 -11.569
14.0167 -7.292
14.05 -6.673
14.0833 8.272
14.1167 18.340
14.15 31.456
14.1833 34.209
14.2167 18.369
14.25 5.172
14.2833 -9.144
14.3167 -13.402
14.35 6.624
14.3833 24.313
14.4167 19.041
14.45 20.574
14.4833 9.511
14.5167 4.948
14.55 6.382
14.5833 -8.948
14.6167 -0.709
14.65 13.831
14.6833 19.837
14.7167 20.661
14.75 12.950
14.7833 0.768
14.8167 1.897
14.85 7.293
14.8833 3.240
14.9167 -2.947
14.95 -4.256
14.9833 -1.603
15.0167 -7.085
15.05 -22.816
15.0833 -17.724
15.1167 6.569
15.15 26.596
15.1833 20.714
15.2167 7.213
15.25 0.417
15.2833 -7.294
15.3167 -6.165
15.35 -12.961
15.3833 12.247
15.4167 11.852
15.45 18.162
15.4833 26.606
15.5167 28.040
15.55 31.302
15.5833 14.448
15.6167 -4.235
15.65 -10.117
15.6833 -16.303
15.7167 -14.870
15.75 -10.693
15.7833 3.847
15.8167 15.339
15.85 24.493
15.8833 26.231
15.9167 23.702
15.95 22.393
15.9833 10.720
16.0167 5.448
16.05 -7.649
16.0833 -15.969
16.1167 -18.193
16.15 -9.649
16.1833 13.425
16.2167 23.393
16.25 26.756
16.2833 23.617
16.3167 15.702
16.35 15.307
16.3833 8.916
16.4167 -4.586
16.45 -22.559
17.4833 35.122
17.5167 51.081
17.55 26.906
17.5833 5.780
17.6167 -4.779
17.65 57.001
17.6833 -7.712
17.7167 -29.448
17.75 0.327
17.7833 5.413
17.8167 13.853
17.85 12.234
17.8833 13.662
17.9167 -2.487
17.95 -6.850
17.9833 -15.379
18.0167 9.214
18.05 10.743
18.0833 -12.417
18.1167 5.571
18.15 4.662
18.1833 11.067
18.2167 19.911
18.25 22.050
18.2833 6.914
18.3167 8.748
18.35 -3.644
18.3833 -2.115
18.4167 13.534
18.45 15.163
20.4833 10.524
20.5167 15.701
20.55 9.600
20.5833 -4.731
20.6167 -11.341
20.65 -9.517
20.6833 -1.497
20.7167 -3.026
20.75 8.042
20.7833 12.000
20.8167 4.170
20.85 -7.317
20.8833 -3.664
20.9167 -1.435
20.95 3.537
20.9833 7.289
21.0167 11.652
21.05 7.785
21.0833 9.404
21.1167 18.034
21.15 15.690
21.1833 14.262
21.2167 8.565
21.25 13.333
21.2833 5.808
21.3167 -9.032
21.35 -15.643
21.3833 -12.399
21.4167 -1.331
21.45 5.165
21.4833 5.055
21.5167 -0.336
21.55 1.078
21.5833 -1.570
21.6167 5.231
21.65 6.341
21.6833 -1.184
21.7167 -9.219
21.75 -3.027
21.7833 6.312
21.8167 8.541
21.85 11.784
21.8833 18.280
21.9167 14.817
21.95 9.121
21.9833 11.755
22.0167 15.813
22.05 17.532
22.0833 9.093
22.1167 -5.647
22.15 -11.039
22.1833 -16.635
22.2167 -4.957
22.25 4.077
22.2833 6.611
22.3167 0.710
22.35 -3.462
22.3833 -8.448
22.4167 -9.877
22.45 -3.686
22.4833 6.873
22.5167 11.540
22.55 3.101
22.5833 2.077
22.6167 9.182
22.65 11.411
22.6833 14.249
22.7167 15.564
22.75 13.016
22.7833 11.892
22.8167 11.682
22.85 8.120
22.8833 8.520
22.9167 11.968
22.95 9.929
22.9833 -4.301
23.0167 -14.674
23.05 -13.659
23.0833 -11.735
23.1167 -12.250
23.15 -16.422
23.1833 -14.903
23.2167 1.042
23.25 14.449
23.2833 13.325
23.3167 1.128
23.35 -3.654
23.3833 0.913
23.4167 11.372
23.45 22.645
23.4833 17.458
23.5167 11.967
23.55 16.634
23.5833 23.335
23.6167 14.491
23.65 6.561
23.6833 7.166
23.7167 4.723
23.75 -0.768
23.7833 -7.579
23.8167 -14.594
23.85 -18.561
23.8833 -18.666
23.9167 -12.270
23.95 -3.131
23.9833 2.251
24.0167 11.085
24.05 16.772
24.0833 16.667
24.1167 19.710
24.15 13.509
24.1833 6.699
24.2167 3.241
24.25 5.575
24.2833 13.395
24.3167 12.985
24.35 10.442
24.3833 13.690
24.4167 9.218
24.45 1.189
24.4833 -3.183
24.5167 -10.094
24.55 -16.904
24.5833 -12.842
24.6167 0.465
24.65 10.318
24.6833 11.942
24.7167 9.399
24.75 5.841
24.7833 6.246
24.8167 3.603
24.85 0.045
24.8833 -1.988
24.9167 -1.279
24.95 -3.412
24.9833 -1.788
25.0167 6.846
25.05 13.247
25.0833 14.871
25.1167 23.201
25.15 24.725
25.1833 8.265
25.2167 -1.083
25.25 -6.570
25.2833 -3.827
25.3167 -2.607
25.35 -0.779
25.3833 8.770
25.4167 11.513
25.45 7.146
25.4833 3.793
25.5167 8.670
25.55 6.841
25.5833 -3.522
25.6167 -12.156
25.65 -19.167
25.6833 -17.133
25.7167 -6.465
25.75 4.408
25.7833 13.857
25.8167 13.757
25.85 18.533
25.8833 20.362
25.9167 15.081
25.95 8.885
25.9833 7.261
26.0167 2.893
26.05 8.280
26.0833 9.094
26.1167 2.289
26.15 -5.431
26.1833 0.260
26.2167 14.790
26.25 14.590
26.2833 13.881
26.3167 7.075
26.35 1.389
26.3833 -2.979
26.4167 -6.736
26.45 -5.412
26.4833 -0.026
26.5167 7.699
26.55 10.647
26.5833 17.762
26.6167 12.685
26.65 6.185
26.6833 11.471
26.7167 18.991
26.75 11.476
26.7833 5.789
26.8167 1.627
26.85 -0.911
26.8833 -1.721
26.9167 2.956
26.95 10.071
26.9833 14.138
27.0167 5.504
27.05 3.475
27.0833 8.457
27.1167 11.000
27.15 6.228
27.1833 -1.592
27.2167 -3.926
27.25 -8.698
27.2833 -4.021
27.3167 3.804
27.35 11.224
27.3833 16.815
27.4167 14.786
27.45 8.490
27.4833 1.889
27.5167 4.433
27.55 9.414
27.5833 15.920
27.6167 21.001
27.65 20.497
27.6833 22.125
27.7167 25.583
27.75 26.297
27.7833 22.440
27.8167 18.377
27.85 6.900
27.8833 -3.968
27.9167 -11.483
27.95 -15.951
27.9833 -11.783
28.0167 -4.363
28.05 0.923
28.0833 0.823
28.1167 5.500
28.15 8.957
28.1833 11.905
28.2167 16.887
28.25 19.225
28.2833 22.073
28.3167 18.316
28.35 15.373
28.3833 18.625
28.4167 27.060
28.45 31.432
28.4833 25.236
28.5167 12.639
28.55 3.295
28.5833 -1.072
28.6167 -5.744
28.65 -2.491
28.6833 -3.811
28.7167 -4.520
28.75 -3.196
28.7833 1.276
28.8167 3.614
28.85 4.529
28.8833 8.086
28.9167 12.863
28.95 14.897
28.9833 19.673
29.0167 19.878
29.05 16.525
29.0833 10.939
29.1167 6.572
29.15 6.267
29.1833 3.119
29.2167 0.376
29.25 2.814
29.2833 -0.029
29.3167 -5.515
29.35 -1.858
29.3833 6.272
29.4167 8.710
29.45 7.186
29.4833 14.806
29.5167 15.721
29.55 9.320
29.5833 2.309
29.6167 5.357
29.65 11.453
29.6833 11.149
29.7167 12.773
29.75 11.249
29.7833 7.591
29.8167 5.557
29.85 5.862
29.8833 0.171
29.9167 -3.082
29.95 -5.825
29.9833 -7.859
30.0167 -5.015
30.05 2.400
30.0833 5.753
30.1167 12.863
30.15 17.230
30.1833 11.539
30.2167 9.910
30.25 3.305
30.2833 2.795
30.3167 4.724
30.35 8.277
30.3833 5.329
30.4167 -1.787
30.45 -5.344
30.4833 -8.497
30.5167 -6.773
30.55 -1.491
30.5833 7.548
30.6167 10.491
30.65 6.729
30.6833 1.747
30.7167 -0.491
30.75 0.013
30.7833 3.566
30.8167 10.572
30.85 9.857
30.8833 7.314
30.9167 -0.006
30.95 -2.549
30.9833 2.933
31.0167 6.481
31.05 13.796
31.0833 9.524
31.1167 0.375
31.15 -7.555
31.1833 -6.645
31.2167 1.275
31.25 9.195
31.2833 11.933
31.3167 10.405
31.35 6.133
31.3833 -1.392
31.4167 -5.969
31.45 -0.792
31.4833 9.057
31.5167 17.586
31.55 18.901
31.5833 14.424
31.6167 8.323
31.65 5.980
31.6833 3.941
31.7167 3.732
31.75 3.827
31.7833 5.141
31.8167 5.237
31.85 0.760
31.8833 -3.717
31.9167 -4.536
31.95 -8.708
31.9833 -3.127
32.0167 5.603
32.05 9.661
32.0833 8.332
32.1167 8.427
32.15 9.437
32.1833 6.279
32.2167 5.460
32.25 11.141
32.2833 15.299
32.3167 5.336
32.35 -4.832
32.3833 -4.332
32.4167 -0.784
32.45 3.578
32.4833 8.955
32.5167 12.503
32.55 8.431
32.5833 -2.652
32.6167 -3.371
32.65 4.140
32.6833 9.517
32.7167 7.883
32.75 6.554
32.7833 6.445
32.8167 7.249
32.85 9.273
32.8833 12.517
32.9167 10.883
32.95 9.349
32.9833 7.716
33.0167 2.120
33.05 -0.428
33.0833 2.815
33.1167 3.924
33.15 4.829
33.1833 4.415
33.2167 5.220
33.25 8.463
33.2833 8.963
33.3167 12.001
33.35 14.025
33.3833 9.648
33.4167 4.052
33.45 3.028
33.4833 0.276
33.5167 -1.053
33.55 2.800
33.5833 6.957
33.6167 9.286
33.65 8.567
33.6833 9.372
33.7167 12.005
33.75 11.591
33.7833 11.481
33.8167 11.372
33.85 6.995
33.8833 3.532
33.9167 5.252
33.95 8.190
33.9833 10.214
34.0167 9.800
34.05 9.385
34.0833 5.518
34.1167 3.580
34.15 1.336
34.1833 0.822
34.2167 4.065
34.25 3.551
34.2833 3.441
34.3167 5.975
34.35 7.389
34.3833 7.789
34.4167 7.580
34.45 5.032
34.4833 0.860
34.5167 -0.874
34.55 0.745
34.5833 -0.684
34.6167 -2.417
34.65 1.031
34.6833 1.431
34.7167 3.355
34.75 8.836
34.7833 12.284
34.8167 15.123
34.85 11.156
34.8833 6.679
34.9167 5.150
34.95 3.621
34.9833 7.579
35.0167 12.246
35.05 11.936
35.0833 11.017
35.1167 11.927
35.15 7.860
35.1833 -0.375
35.2167 -4.647
35.25 -4.042
35.2833 0.730
35.3167 2.554
35.35 2.754
35.3833 4.173
35.4167 4.068
35.45 3.354
35.4833 3.249
35.5167 4.973
35.55 6.088
35.5833 9.031
35.6167 12.888
35.65 12.074
35.6833 6.483
35.7167 3.230
35.75 2.111
35.7833 2.920
35.8167 7.897
35.85 9.216
35.8833 6.573
35.9167 2.916
35.95 -0.642
35.9833 -3.285
36.0167 -0.542
36.05 1.692
36.0833 2.606
36.1167 1.082
36.15 0.168
36.1833 -0.137
36.2167 0.777
36.25 1.996
36.2833 2.606
36.3167 5.654
36.35 10.736
36.3833 11.650
36.4167 10.026
36.45 12.974
36.4833 12.364
36.5167 10.131
36.55 10.336
36.5833 5.968
36.6167 1.501
36.65 -0.428
36.6833 -2.661
36.7167 -1.947
36.75 -2.147
36.7833 -3.161
36.8167 0.601
36.85 7.107
36.8833 10.260
36.9167 11.584
36.95 10.774
36.9833 10.169
37.0167 9.360
37.05 7.331
37.0833 4.592
37.1167 4.902
37.15 6.836
37.1833 5.316
37.2167 0.749
37.25 -2.294
37.2833 -1.984
37.3167 0.968
37.35 4.021
37.3833 8.293
37.4167 11.856
37.45 13.689
37.4833 14.508
37.5167 12.280
37.55 11.880
37.5833 8.432
37.6167 7.727
37.65 8.241
37.6833 6.012
37.7167 3.174
37.75 3.688
37.7833 6.236
37.8167 7.360
37.85 5.336
37.8833 1.484
37.9167 0.779
37.95 5.765
37.9833 7.094
38.0167 4.156
38.05 2.436
38.0833 4.680
38.1167 6.518
38.15 10.895
38.1833 13.443
38.2167 14.976
38.25 14.476
38.2833 9.609
38.3167 5.147
38.35 2.718
38.3833 2.118
38.4167 0.908
38.45 -0.201
38.4833 1.028
38.5167 4.390
38.55 3.790
38.5833 2.176
38.6167 3.404
38.65 5.852
38.6833 6.472
38.7167 8.820
38.75 10.048
38.7833 10.668
38.8167 12.711
38.85 12.721
38.8833 10.192
38.9167 8.982
38.95 11.635
38.9833 10.325
39.0167 8.401
39.05 10.854
39.0833 10.459
39.1167 4.577
39.15 -1.000
39.1833 -3.733
39.2167 1.358
39.25 5.535
39.2833 4.835
39.3167 7.183
39.35 5.873
39.3833 3.954
39.4167 5.388
39.45 5.907
39.4833 8.865
39.5167 11.113
39.55 11.022
39.5833 8.493
39.6167 3.831
39.65 -0.222
39.6833 -0.312
39.7167 5.693
39.75 8.041
39.7833 12.728
39.8167 14.161
39.85 9.194
39.8833 7.275
39.9167 8.099
39.95 10.142
39.9833 8.528
40.0167 6.509
40.05 6.418
40.0833 5.109
40.1167 0.446
40.15 -0.559
40.1833 2.399
40.2167 5.052
40.25 6.181
40.2833 5.176
40.3167 3.257
40.35 1.033
40.3833 5.209
40.4167 11.520
40.45 12.039
40.4833 13.168
40.5167 16.430
40.55 16.645
40.5833 14.725
40.6167 12.601
40.65 12.511
40.6833 9.677
40.7167 10.806
40.75 9.901
40.7833 6.153
40.8167 0.981
40.85 2.110
40.8833 2.020
40.9167 -2.238
40.95 -3.752
40.9833 -3.538
41.0167 0.739
41.05 5.321
41.0833 10.717
41.1167 13.469
41.15 13.784
41.1833 11.355
41.2167 9.841
41.25 12.593
41.2833 13.213
41.3167 17.185
41.35 16.585
41.3833 12.632
41.4167 9.289
41.45 7.874
41.4833 4.226
41.5167 2.507
41.55 -0.531
41.5833 -2.555
41.6167 -1.631
41.65 1.526
41.6833 3.160
41.7167 5.913
41.75 8.156
41.7833 6.437
41.8167 4.413
41.85 2.084
41.8833 1.279
41.9167 2.708
41.95 10.133
41.9833 15.424
42.0167 18.986
42.05 10.562
42.0833 7.723
42.1167 4.885
42.15 4.080
42.1833 4.289
42.2167 3.585
42.25 0.137
42.2833 -4.226
42.3167 -3.407
42.35 -0.149
42.3833 6.866
42.4167 11.343
42.45 10.434
42.4833 10.338
42.5167 8.819
42.55 7.910
42.5833 7.305
42.6167 10.562
43.4833 -1.658
43.5167 -0.538
43.55 -1.148
43.5833 3.119
43.6167 4.543
43.65 7.896
43.6833 6.372
43.7167 6.372
43.75 3.729
43.7833 0.681
43.8167 1.595
43.85 2.000
43.8833 1.695
43.9167 0.576
43.95 0.981
43.9833 6.567
44.0167 9.106
44.05 8.596
44.0833 7.782
44.1167 4.224
44.15 2.190
44.1833 -3.401
44.2167 -4.520
44.25 -5.844
44.2833 0.352
44.3167 -0.058
44.35 1.362
44.3833 2.171
44.4167 1.762
44.45 1.657
44.4833 -1.801
44.5167 -1.601
44.55 -1.301
44.5833 0.423
44.6167 4.890
44.65 6.410
44.6833 6.405
44.7167 3.862
44.75 1.723
44.7833 0.499
44.8167 0.189
44.85 1.099
44.8833 1.094
44.9167 3.223
44.95 0.780
44.9833 -0.749
45.0167 -3.092
45.05 -1.878
45.0833 -0.054
45.1167 -1.483
45.15 -4.840
45.1833 -7.183
45.2167 -4.650
45.25 -0.692
45.2833 1.232
45.3167 1.327
45.35 2.337
45.3833 6.699
45.4167 7.304
45.45 5.265
45.4833 3.937
45.5167 3.422
45.55 3.517
45.5833 5.441
45.6167 5.841
45.65 4.108
45.6833 1.865
45.7167 0.436
45.75 -3.431
45.7833 -3.031
45.8167 1.126
45.85 3.355
45.8833 3.550
45.9167 -0.622
45.95 -4.084
45.9833 -5.513
46.0167 -0.441
46.05 4.836
46.0833 6.555
46.1167 7.260
46.15 5.931
46.1833 4.297
46.2167 3.173
46.25 5.502
46.2833 8.441
46.3167 6.707
46.35 4.159
46.3833 -1.232
46.4167 -3.780
46.45 0.073
46.4833 5.349
46.5167 8.288
46.55 5.130
46.5833 -1.785
46.6167 -5.552
46.65 -5.662
46.6833 -3.433
46.7167 0.115
46.75 0.310
46.7833 1.015
46.8167 1.515
46.85 -0.219
46.8833 1.501
46.9167 3.120
46.95 3.315
46.9833 3.105
47.0167 2.186
47.05 3.091
47.0833 3.591
47.1167 3.381
47.15 2.867
47.1833 0.014
47.2167 -0.805
47.25 1.729
47.2833 2.533
47.3167 2.324
47.35 1.809
47.3833 1.905
47.4167 0.781
47.45 -0.343
47.4833 0.971
47.5167 -1.372
47.55 -3.411
47.5833 -3.620
47.6167 -1.696
47.65 -1.296
47.6833 1.237
47.7167 4.076
47.75 8.643
47.7833 12.701
47.8167 10.967
47.85 8.219
47.8833 4.961
47.9167 2.518
47.95 2.918
47.9833 5.961
48.0167 2.604
48.05 1.175
48.0833 1.780
48.1167 2.385
48.15 3.904
48.1833 4.204
48.2167 5.113
48.25 2.670
48.2833 1.141
48.3167 -0.083
48.35 0.217
48.3833 1.432
48.4167 2.241
48.45 2.846
48.4833 3.451
48.5167 2.737
48.55 4.865
48.5833 6.894
48.6167 7.704
48.65 7.699
48.6833 8.204
48.7167 5.356
48.75 3.727
48.7833 3.927
48.8167 6.565
48.85 5.546
48.8833 1.174
48.9167 1.069
48.95 2.489
48.9833 5.432
49.0167 6.141
49.05 6.037
49.0833 4.003
49.1167 0.545
49.15 -2.707
49.1833 -4.436
49.2167 -1.188
49.25 3.484
49.2833 9.680
49.3167 12.828
49.35 11.099
49.3833 7.846
49.4167 6.422
49.45 6.217
49.4833 5.708
49.5167 6.013
49.55 7.637
49.5833 3.165
49.6167 -1.712
49.65 -3.441
49.6833 -2.222
49.7167 2.045
49.75 5.193
49.7833 5.498
49.8167 2.450
49.85 -0.598
49.8833 -1.817
49.9167 -0.598
49.95 2.450
49.9833 5.803
50.0167 7.022
50.05 5.498
50.0833 6.922
50.1167 6.313
50.15 7.227
50.1833 7.737
50.2167 7.737
50.25 5.503
50.2833 4.489
50.3167 3.574
50.35 2.560
50.3833 2.765
50.4167 5.408
50.45 9.270
50.4833 9.780
50.5167 8.765
50.55 4.703
50.5833 1.250
50.6167 -0.069
50.65 0.441
50.6833 3.084
50.7167 3.493
50.75 0.955
50.7833 1.465
50.8167 2.484
50.85 1.774
50.8833 2.489
50.9167 2.693
50.95 3.103
50.9833 3.917
51.0167 3.717
51.05 2.908
51.0833 2.808
51.1167 3.522
51.15 3.322
51.1833 3.122
51.2167 5.665
51.25 8.209
51.2833 8.413
51.3167 7.299
51.35 5.880
51.3833 4.461
51.4167 1.517
51.45 1.317
51.4833 2.641
51.5167 3.051
51.55 -0.807
51.5833 -2.021
51.6167 -2.831
51.65 -0.287
51.6833 3.780
51.7167 3.885
51.75 4.294
51.7833 3.485
51.8167 3.589
51.85 6.033
51.8833 7.357
51.9167 7.157
51.95 10.005
51.9833 10.109
52.0167 6.861
52.05 4.223
52.0833 3.313
52.1167 2.199
52.15 1.085
52.1833 2.409
52.2167 2.209
52.25 1.094
52.2833 0.285
52.3167 -0.525
52.35 -1.944
52.3833 -3.059
52.4167 -2.954
52.45 -0.106
52.4833 2.437
52.5167 4.371
52.55 7.524
52.5833 9.762
52.6167 8.953
52.65 8.753
52.6833 7.638
52.7167 6.829
52.75 4.190
52.7833 2.871
52.8167 2.976
52.85 4.300
52.8833 4.709
52.9167 4.609
52.95 2.276
52.9833 -0.567
53.0167 -1.072
53.05 0.657
53.0833 4.114
53.1167 5.843
53.15 5.338
53.1833 4.324
53.2167 2.600
53.25 2.195
53.2833 2.400
53.3167 3.519
53.35 4.843
53.3833 6.572
53.4167 7.691
53.45 6.372
53.4833 6.881
53.5167 8.305
53.55 9.729
53.5833 6.886
53.6167 2.924
53.65 -1.139
53.6833 -3.372
53.7167 -3.167
53.75 1.709
53.7833 4.657
53.8167 6.486
53.85 6.996
53.8833 5.777
53.9167 3.848
53.95 4.153
53.9833 5.372
54.0167 4.662
54.05 2.833
54.0833 2.833
54.1167 3.443
54.15 3.748
54.1833 6.186
54.2167 8.929
54.25 10.149
54.2833 6.491
54.3167 0.800
54.35 -1.334
54.3833 -0.724
54.4167 -0.319
54.45 2.424
54.4833 4.048
54.5167 3.438
54.55 2.014
54.5833 1.505
54.6167 3.433
54.65 5.262
54.6833 6.886
54.7167 7.291
54.75 6.477
54.7833 5.053
54.8167 4.033
54.85 4.438
54.8833 6.672
54.9167 8.601
54.95 7.581
54.9833 3.414
55.0167 -0.043
55.05 -2.077
55.0833 -0.353
55.1167 1.981
55.15 2.995
55.1833 2.281
55.2167 1.871
55.25 3.595
55.2833 5.319
55.3167 8.262
55.35 10.696
55.3833 10.286
55.4167 7.438
55.45 3.371
55.4833 1.233
55.5167 2.042
55.55 4.476
55.5833 5.081
55.6167 4.671
55.65 4.361
55.6833 5.576
55.7167 4.352
55.75 5.261
55.7833 5.866
55.8167 5.861
55.85 3.418
55.8833 1.889
55.9167 3.204
55.95 3.504
55.9833 3.804
56.0167 3.594
56.05 3.589
56.0833 3.075
56.1167 2.765
56.15 1.946
56.1833 2.346
56.2167 2.746
56.25 1.622
56.2833 1.008
56.3167 2.627
56.35 3.027
56.3833 3.832
56.4167 4.232
56.45 6.156
56.4833 6.861
56.5167 5.432
56.55 5.322
56.5833 4.503
56.6167 3.784
56.65 2.355
56.6833 2.855
56.7167 2.645
56.75 1.621
56.7833 2.021
56.8167 3.131
56.85 2.717
56.8833 1.288
56.9167 0.569
56.95 1.069
56.9833 1.569
57.0167 -0.065
57.05 -3.223
57.0833 -1.503
57.1167 1.740
57.15 6.202
57.1833 9.750
57.2167 10.860
57.25 11.055
57.2833 8.812
57.3167 5.959
57.35 4.325
57.3833 2.997
57.4167 0.853
57.45 -1.085
57.4833 -0.890
57.5167 -1.304
57.55 -0.095
57.5833 2.234
57.6167 3.953
57.65 3.844
57.6833 2.920
57.7167 0.676
57.75 -1.262
57.7833 -1.067
57.8167 0.752
57.85 2.167
57.8833 3.886
57.9167 3.167
57.95 3.157
57.9833 4.876
58.0167 6.596
58.05 6.791
58.0833 5.157
58.1167 2.404
58.15 0.771
58.1833 -0.253
58.2167 -0.363
58.25 1.052
58.2833 2.466
58.3167 2.052
58.35 1.637
58.3833 1.223
58.4167 0.808
58.45 -0.216
58.4833 -0.325
58.5167 -0.740
58.55 -0.849
58.5833 -1.568
58.6167 -2.388
58.65 -2.497
58.6833 -2.302
58.7167 -3.426
58.75 -2.316
58.7833 -0.392
58.8167 3.156
58.85 3.556
58.8833 4.056
58.9167 4.760
58.95 4.856
58.9833 3.222
59.0167 2.708
59.05 4.022
59.0833 3.812
59.1167 2.079
59.15 0.650
59.1833 -0.169
59.2167 -0.988
59.25 -1.908
59.2833 -2.727
59.3167 -2.327
59.35 -2.027
59.3833 -1.322
59.4167 -1.327
59.45 -1.636
59.4833 -0.322
59.5167 0.588
59.55 0.278
59.5833 0.578
59.6167 2.707
59.65 4.531
59.6833 6.355
59.7167 7.469
59.75 6.245
59.7833 3.497
59.8167 0.649
59.85 -1.284
59.8833 -2.204
59.9167 -2.613
59.95 -3.632
59.9833 -3.432
60.0167 -2.623
60.05 -2.118
60.0833 -1.004
60.1167 -0.904
60.15 -1.618
60.1833 -1.823
60.2167 -1.928
60.25 -0.608
60.2833 -0.508
60.3167 -1.323
60.35 -2.747
60.3833 -2.952
60.4167 -2.547
60.45 -0.923
60.4833 1.006
60.5167 1.311
60.55 0.496
60.5833 -0.418
60.6167 -1.942
60.65 -1.942
60.6833 -1.332
60.7167 0.496
60.75 2.020
60.7833 3.849
60.8167 4.459
60.85 4.664
60.8833 4.359
60.9167 1.820
60.95 0.906
60.9833 -0.718
61.0167 -0.818
61.05 -0.918
61.0833 -0.713
61.1167 -0.204
61.15 -0.099
61.1833 0.716
61.2167 1.125
61.25 1.940
61.2833 1.740
61.3167 2.149
61.35 2.659
61.3833 2.764
61.4167 3.478
61.45 3.483
61.4833 4.807
61.5167 5.521
61.55 5.526
61.5833 4.107
61.6167 3.197
61.65 1.983
61.6833 1.173
61.7167 0.264
61.75 -1.256
61.7833 -2.470
61.8167 -4.599
61.85 -3.780
61.8833 -0.422
61.9167 2.836
61.95 5.584
61.9833 6.403
62.0167 5.798
62.05 4.788
62.0833 3.474
62.1167 2.464
62.15 1.760
62.1833 2.274
62.2167 4.008
62.25 3.812
62.2833 1.888
62.3167 1.793
62.35 2.208
62.3833 2.927
62.4167 3.441
62.45 4.160
62.4833 2.746
62.5167 1.941
62.55 2.965
62.5833 3.380
62.6167 2.880
62.65 2.380
62.6833 2.389
62.7167 4.023
62.75 5.656
62.7833 5.361
62.8167 5.471
62.85 5.785
62.8833 6.100
62.9167 6.414
62.95 5.914
62.9833 5.009
63.0167 5.124
63.05 5.028
63.0833 3.819
63.1167 3.828
63.15 1.704
63.1833 0.395
63.2167 1.928
63.25 4.072
63.2833 4.591
63.3167 4.905
63.35 4.205
63.3833 3.605
63.4167 2.296
63.45 0.476
63.4833 -0.528
63.5167 0.600
63.55 1.220
63.5833 2.958
63.6167 3.172
63.65 3.692
63.6833 3.092
63.7167 3.916
63.75 4.740
63.7833 6.173
63.8167 7.607
63.85 6.907
63.8833 3.464
63.9167 3.069
63.95 2.369
63.9833 2.278
64.0167 4.626
64.05 5.960
64.0833 5.869
64.1167 4.865
64.15 2.945
64.1833 1.941
64.2167 3.069
64.25 3.589
64.2833 2.789
64.3167 2.698
64.35 3.217
64.3833 4.651
64.4167 5.780
64.45 5.994
64.4833 4.989
64.5167 6.323
64.55 7.147
64.5833 6.447
64.6167 7.271
64.65 6.266
64.6833 6.176
64.7167 5.171
64.75 4.471
64.7833 4.076
64.8167 4.290
64.85 5.114
64.8833 4.109
64.9167 4.019
64.95 2.709
64.9833 2.924
65.0167 2.224
65.05 4.267
65.0833 4.277
65.1167 4.491
65.15 4.705
65.1833 3.701
65.2167 3.101
65.25 4.534
65.2833 6.373
65.3167 7.197
65.35 6.292
65.3833 5.897
65.4167 3.773
65.45 3.377
65.4833 5.216
65.5167 6.749
65.55 5.845
65.5833 4.230
65.6167 2.716
65.65 1.506
65.6833 1.516
65.7167 1.525
65.75 3.364
65.7833 2.864
65.8167 1.959
65.85 1.664
65.8833 1.369
65.9167 2.088
65.95 5.145
65.9833 5.560
66.0167 4.045
66.05 2.631
66.0833 2.436
66.1167 4.579
66.15 4.689
66.1833 5.713
66.2167 6.127
66.25 5.017
66.2833 3.603
66.3167 3.408
66.35 5.141
66.3833 5.251
66.4167 6.580
66.45 4.961
66.4833 3.241
66.5167 2.537
66.55 1.832
66.5833 2.246
66.6167 3.370
66.65 0.837
66.6833 0.741
66.7167 0.341
66.75 1.465
66.7833 3.909
66.8167 4.118
66.85 4.937
66.8833 3.418
66.9167 2.409
66.95 0.585
66.9833 0.589
67.0167 0.899
67.05 0.294
67.0833 3.042
67.1167 2.742
67.15 1.833
67.1833 3.362
67.2167 4.990
67.25 5.300
67.2833 5.710
67.3167 0.837
67.35 -0.277
67.3833 5.924
67.4167 -1.896
67.45 -1.487
67.4833 0.447
67.5167 0.857
67.55 0.657
67.5833 1.166
67.6167 2.186
67.65 2.695
67.6833 1.681
67.7167 0.262
67.75 -1.363
67.7833 0.062
67.8167 -1.867
67.85 -1.053
67.8833 1.690
67.9167 1.895
67.95 1.590
67.9833 1.490
68.0167 0.881
68.05 1.695
68.0833 0.171
68.1167 0.781
68.15 0.476
68.1833 -0.134
68.2167 -0.034
68.2833 1.490
68.3167 1.590
68.35 0.066
68.3833 -1.358
68.4167 -3.087
68.45 -2.682
68.4833 -0.753
68.5167 -2.177
68.55 -0.553
68.5833 -0.758
68.6167 0.052
68.65 -1.067
68.6833 -0.358
68.7167 1.062
68.75 1.262
68.7833 1.766
68.8167 2.171
68.85 1.762
68.8833 1.962
68.9167 0.637
68.95 -0.282
68.9833 -1.301
69.0167 -2.320
69.05 -1.106
69.0833 0.313
69.1167 1.223
69.15 0.509
69.1833 -0.106
69.2167 -1.939
69.25 -2.249
69.2833 -2.254
69.3167 -1.954
69.35 -2.263
69.3833 -1.354
69.4167 -1.054
69.45 -0.144
69.4833 0.156
69.5167 -0.663
69.55 -0.973
69.5833 -2.402
69.6167 -1.187
69.65 -0.178
69.6833 2.661
69.7167 3.265
69.75 3.361
69.7833 1.627
69.8167 1.113
69.85 -1.231
69.8833 0.084
69.9167 -0.126
69.95 -1.250
69.9833 -3.593
70.0167 -3.498
70.05 -3.098
70.0833 -2.088
70.1167 0.241
70.15 -1.188
70.1833 -1.398
70.2167 -1.507
70.25 -3.241
70.2833 -1.622
70.3167 -0.512
70.35 3.241
70.3833 2.826
70.4167 2.312
70.45 1.288
70.4833 0.164
70.5167 1.578
70.55 1.164
70.5833 0.345
70.6167 -0.070
70.65 -1.094
70.6833 -1.303
70.7167 -0.499
70.75 -0.608
70.7833 -1.123
70.8167 -0.623
70.85 -1.037
70.8833 -0.942
70.9167 -1.051
70.95 0.058
70.9833 0.458
71.0167 1.368
71.05 1.458
71.0833 1.958
71.1167 1.749
71.15 1.944
71.1833 1.225
71.2167 -0.814
71.25 -0.923
71.2833 -1.033
71.3167 -0.023
71.35 -1.047
71.3833 -2.476
71.4167 -3.195
71.45 -3.915
71.4833 -3.210
71.5167 -2.100
71.55 -1.091
71.5833 0.324
71.6167 1.638
71.65 1.429
71.6833 1.929
71.7167 2.329
71.75 2.219
71.7833 2.009
71.8167 0.885
71.85 0.676
71.8833 0.871
71.9167 0.661
71.95 1.671
71.9833 1.461
72.0167 1.861
72.05 1.042
72.0833 0.528
72.1167 -1.206
72.15 -1.111
72.1833 0.204
72.2167 0.299
72.25 0.904
72.2833 1.609
72.3167 1.704
72.35 1.089
72.3833 2.099
72.4167 -0.039
72.45 -0.554
72.4833 -0.863
72.5167 0.146
72.55 1.056
72.5833 2.270
72.6167 3.280
72.65 3.275
72.6833 2.051
72.7167 0.827
72.75 -0.397
72.7833 -1.011
72.8167 0.203
72.85 1.417
72.8833 1.717
72.9167 1.003
72.95 -0.526
72.9833 -0.531
73.0167 -0.940
73.05 -0.640
73.0833 -1.050
73.1167 -1.969
73.15 -1.159
73.1833 -1.264
73.2167 -0.150
73.25 1.979
73.2833 1.569
73.3167 2.074
73.35 2.579
73.3833 1.765
73.4167 1.660
73.45 0.336
73.4833 1.755
73.5167 2.260
73.55 3.274
73.5833 3.474
73.6167 1.745
73.65 1.945
73.6833 1.436
73.7167 0.317
73.75 0.417
73.7833 0.312
73.8167 -0.807
73.85 -0.403
73.8833 0.307
73.9167 0.407
73.95 1.321
73.9833 1.726
74.0167 1.521
74.05 1.926
74.0833 1.012
74.1167 1.417
74.15 2.331
74.1833 3.650
74.2167 3.650
74.25 2.736
74.2833 2.226
74.3167 1.617
74.35 2.226
74.3833 2.836
74.4167 1.312
74.45 1.617
74.4833 0.397
74.5167 -1.531
74.55 -1.836
74.5833 -0.617
74.6167 -0.922
74.65 -0.412
74.6833 0.502
74.7167 -0.817
74.75 -0.307
74.7833 0.607
74.8167 0.812
74.85 0.712
74.8833 2.236
74.9167 1.221
74.95 -0.098
74.9833 0.412
75.0167 0.617
75.05 2.041
75.0833 2.145
75.1167 2.045
75.15 1.031
75.1833 0.931
75.2167 0.731
75.25 -0.283
75.2833 -0.383
75.3167 -0.583
75.35 -0.683
75.3833 1.250
75.4167 0.441
75.45 0.950
75.4833 2.579
75.5167 2.684
75.55 1.669
75.5833 0.860
75.6167 -0.255
75.65 -1.064
75.6833 -0.350
75.7167 -0.855
75.75 1.384
75.7833 1.793
75.8167 1.289
75.85 2.613
75.8833 2.413
75.9167 3.127
75.95 2.927
75.9833 2.422
76.0167 2.122
76.05 1.617
76.0833 2.637
76.1167 2.437
76.15 2.541
76.1833 4.985
76.2167 4.785
76.25 2.756
76.2833 1.541
76.3167 -0.487
76.35 -0.687
76.3833 -0.683
76.4167 -0.883
76.45 -1.083
76.4833 -1.383
76.5167 -0.973
76.55 0.251
76.5833 0.356
76.6167 0.156
76.65 1.989
76.6833 2.094
76.7167 3.418
76.75 4.947
76.7833 5.357
76.8167 6.071
76.85 5.466
76.8833 6.181
76.9167 5.981
76.95 4.561
76.9833 4.566
77.0167 3.757
77.05 3.252
77.0833 2.137
77.1167 -0.501
77.15 -0.496
77.1833 -1.001
77.2167 -0.287
77.25 1.342
77.2833 1.447
77.3167 -0.582
77.35 0.133
77.3833 0.847
77.4167 2.781
77.45 4.409
77.4833 5.224
77.5167 4.109
77.55 3.605
77.5833 2.795
77.6167 3.509
77.65 4.019
77.6833 4.733
77.7167 4.329
77.75 3.824
77.7833 1.185
77.8167 -0.134
77.85 0.376
77.8833 0.785
77.9167 0.381
77.95 -0.329
77.9833 -1.139
78.0167 -0.934
78.05 -0.119
78.0833 1.305
78.1167 4.557
78.15 3.238
78.1833 4.967
78.2167 3.648
78.25 2.938
78.2833 2.838
78.3167 3.348
78.35 3.957
78.3833 2.943
78.4167 3.453
78.45 3.757
78.4833 3.048
78.5167 3.048
78.55 2.338
78.5833 2.033
78.6167 2.338
78.65 1.424
78.6833 1.324
78.7167 1.933
78.75 1.629
78.7833 2.848
78.8167 3.457
78.85 2.848
78.8833 3.557
78.9167 2.948
78.95 3.253
78.9833 3.962
79.0167 4.272
79.05 3.962
79.0833 4.062
79.1167 3.553
79.15 2.638
79.1833 3.348
79.2167 4.362
79.25 3.243
79.2833 4.157
79.3167 5.477
79.35 4.762
79.3833 4.557
79.4167 4.657
79.45 4.757
79.4833 4.857
79.5167 4.753
79.55 3.938
79.5833 2.919
79.6167 1.800
79.65 1.085
79.6833 3.319
79.7167 4.129
79.75 3.414
79.7833 3.309
79.8167 1.985
79.85 3.100
79.8833 3.605
79.9167 5.024
79.95 5.529
79.9833 6.133
80.0167 5.724
80.05 6.229
80.0833 5.919
80.1167 4.695
80.15 5.200
80.1833 5.500
80.2167 4.885
80.25 2.952
80.2833 2.337
80.3167 2.637
80.35 3.547
80.3833 2.323
80.4167 2.318
80.45 2.109
80.4833 3.628
80.5167 4.537
80.55 5.547
80.5833 6.457
80.6167 5.333
80.65 5.023
80.6833 3.899
80.7167 4.809
80.75 5.209
80.7833 4.999
80.8167 6.009
80.85 6.104
80.8833 5.894
80.9167 5.380
80.95 6.694
80.9833 4.961
81.0167 5.056
81.05 3.322
81.0833 3.517
81.1167 3.003
81.15 1.879
81.1833 3.293
81.2167 5.827
81.25 5.717
81.2833 5.203
81.3167 5.398
81.35 3.055
81.3833 1.726
81.4167 1.617
81.45 1.812
81.4833 2.821
81.5167 4.541
81.55 3.212
81.5833 4.017
81.6167 3.297
81.65 4.712
81.6833 4.907
81.7167 4.797
81.75 4.993
81.7833 2.445
81.8167 2.030
81.85 2.530
81.8833 3.640
81.9167 3.225
81.95 1.897
81.9833 1.787
82.0167 1.982
82.05 1.568
82.0833 2.168
82.1167 1.753
82.15 1.948
82.1833 1.229
82.2167 0.510
82.25 -0.819
82.2833 -0.219
82.3167 -0.328
82.35 2.000
82.3833 4.329
82.4167 4.220
82.45 4.110
82.4833 2.881
82.5167 3.686
82.55 3.272
82.5833 2.552
82.6167 3.052
82.65 2.638
82.6833 2.224
82.7167 1.200
82.75 1.700
82.7833 2.200
82.8167 2.700
82.85 1.676
82.8833 0.956
82.9167 0.542
82.95 -0.277
82.9833 -1.301
83.0167 -2.020
83.05 -0.911
83.0833 -0.206
83.1167 1.208
83.15 1.404
83.1833 0.889
83.2167 2.304
83.25 2.704
83.2833 3.813
83.3167 3.604
83.35 3.089
83.3833 2.370
83.4167 1.856
83.45 0.732
83.4833 1.132
83.5167 -0.297
83.55 0.103
83.5833 0.503
83.6167 0.293
83.65 0.998
83.6833 1.703
83.7167 1.088
83.75 0.574
83.7833 0.874
83.8167 1.884
83.85 1.574
83.8833 1.974
83.9167 2.274
83.95 2.269
83.9833 2.264
84.0167 2.260
84.05 1.440
84.0833 1.336
84.1167 1.331
84.15 1.326
84.1833 1.016
84.2167 1.826
84.25 2.431
84.2833 2.326
84.3167 1.712
84.35 1.912
84.3833 1.502
84.4167 1.397
84.45 1.088
84.4833 -0.032
84.5167 0.168
84.55 -0.546
84.5833 -0.651
84.6167 -0.856
84.65 0.259
84.6833 1.273
84.7167 2.083
84.75 2.183
84.7833 2.283
84.8167 2.078
84.85 1.264
84.8833 0.754
84.9167 0.549
84.95 1.564
84.9833 3.392
85.0167 2.273
85.05 1.968
85.0833 2.068
85.1167 2.068
85.15 2.373
85.1833 2.373
85.2167 2.983
85.25 2.373
85.2833 2.068
85.3167 1.664
85.35 1.664
85.3833 1.664
85.4167 1.564
85.45 0.854
85.4833 1.668
85.5167 2.583
85.55 2.788
85.5833 2.078
85.6167 0.659
85.65 -0.051
85.6833 0.154
85.7167 0.259
85.75 -0.146
85.7833 1.788
85.8167 3.416
85.85 4.536
85.8833 5.250
85.9167 5.355
85.95 6.069
85.9833 4.245
86.0167 3.131
86.05 2.931
86.0833 2.326
86.1167 2.126
86.15 2.740
86.1833 1.831
86.2167 1.021
86.25 2.550
86.2833 1.640
86.3167 2.255
86.35 3.379
86.3833 3.384
86.4167 2.779
86.45 2.988
86.4833 3.298
86.5167 3.812
86.55 5.036
86.5833 4.941
86.6167 5.456
86.65 6.275
86.6833 6.789
86.7167 6.694
86.75 6.904
86.7833 5.894
86.8167 5.394
86.85 4.994
86.8833 5.104
86.9167 5.313
86.95 4.508
86.9833 4.108
87.0167 4.418
87.05 4.328
87.0833 4.437
87.1167 4.852
87.15 5.266
87.1833 5.376
87.2167 6.095
87.25 5.190
87.2833 5.604
87.3167 5.714
87.35 6.028
87.3833 7.357
87.4167 7.976
87.45 8.900
87.4833 8.400
87.5167 8.105
87.55 6.896
87.5833 6.296
87.6167 5.391
87.65 6.010
87.6833 6.324
87.7167 5.724
87.75 6.039
87.7833 5.134
87.8167 5.044
87.85 3.529
87.8833 3.539
87.9167 3.448
87.95 3.153
87.9833 3.468
88.0167 4.597
88.05 4.811
88.0833 6.345
88.1167 6.864
88.15 7.178
88.1833 7.393
88.2167 7.607
88.25 6.907
88.2833 7.526
88.3167 6.521
88.35 5.821
88.3833 5.731
88.4167 4.726
88.45 5.550
88.4833 4.950
88.5167 5.774
88.55 5.684
88.5833 4.374
88.6167 4.893
88.65 4.803
88.6833 5.017
88.7167 4.927
88.75 5.446
88.7833 4.746
88.8167 4.656
88.85 4.565
88.8833 5.389
88.9167 6.518
88.95 6.428
88.9833 7.861
89.0167 8.381
89.05 7.985
89.0833 7.895
89.1167 7.500
89.15 6.800
89.1833 5.795
89.2167 6.924
89.25 5.614
89.2833 5.524
89.3167 5.229
89.35 4.529
89.3833 4.743
89.4167 4.043
89.45 3.953
89.4833 4.877
89.5167 3.567
89.55 3.172
89.5833 2.877
89.6167 3.701
89.65 4.015
89.6833 5.144
89.7167 5.763
89.75 5.977
89.7833 5.987
89.8167 6.811
89.85 6.821
89.8833 7.440
89.9167 5.621
89.95 5.630
89.9833 4.016
90.0167 4.635
90.05 4.035
90.0833 3.740
90.1167 4.154
90.15 5.078
90.1833 4.783
90.2167 4.488
90.25 4.293
90.2833 4.912
90.3167 3.093
90.35 2.593
90.3833 3.212
90.4167 3.017
90.45 3.431
90.4833 2.931
90.5167 3.855
90.55 2.745
90.5833 3.465
90.6167 4.489
90.65 5.817
90.6833 5.622
90.7167 4.613
90.75 4.417
90.7833 3.917
90.8167 3.213
90.85 3.017
90.8833 2.313
90.9167 2.217
90.95 2.022
90.9833 0.708
91.0167 0.613
91.05 2.041
91.0833 3.470
91.1167 3.680
91.15 2.670
91.1833 1.151
91.2167 0.751
91.25 0.451
91.2833 0.965
91.3167 3.713
91.35 1.789
91.3833 1.794
91.4167 1.189
91.45 1.499
91.4833 0.894
91.5167 3.337
91.55 1.818
91.5833 1.618
91.6167 0.709
91.65 -0.101
91.6833 -0.706
91.7167 -0.601
91.75 0.113
91.8167 0.528
91.85 1.242
91.8833 0.433
91.9167 0.028
91.95 -0.172
91.9833 0.542
92.0167 1.052
92.05 -0.672
92.0833 -0.467
92.1167 -1.482
92.15 -1.072
92.1833 -0.563
92.2167 0.252
92.25 -0.458
92.2833 -1.067
92.3167 -1.167
92.35 -1.572
92.3833 -2.487
92.4167 -1.367
92.45 -0.758
92.4833 -1.063
92.5167 -1.367
92.55 -1.772
92.5833 -0.858
92.6167 -1.063
92.65 -1.672
92.6833 -1.367
92.7167 -1.572
92.75 -2.487
92.7833 -2.996
92.8167 -3.301
92.85 -3.506
92.8833 -3.101
92.9167 -3.001
92.95 -2.596
92.9833 -2.191
93.0167 -2.701
93.05 -1.991
93.0833 -1.487
93.1167 -1.996
93.15 -1.796
93.1833 -2.611
93.2167 -2.715
93.25 -2.515
93.2833 -2.315
93.3167 -2.115
93.35 -1.915
93.3833 -1.715
93.4167 -1.820
93.45 -2.535
93.4833 -1.930
93.5167 -2.644
93.55 -2.039
93.5833 -2.144
93.6167 -1.235
93.65 -2.254
93.6833 -1.954
93.7167 -2.568
93.75 -2.268
93.7833 -2.883
93.8167 -2.278
93.85 -2.892
93.8833 -1.373
93.9167 -1.583
93.95 -1.283
93.9833 -2.202
94.0167 -1.192
94.05 -0.283
94.0833 -0.797
94.1167 -0.802
94.15 -0.402
94.1833 -1.526
94.2167 -2.040
94.25 -1.435
94.2833 -2.255
94.3167 -1.245
94.35 -0.845
94.3833 -1.664
94.4167 -2.788
94.45 -3.607
94.4833 -2.903
94.5167 -2.198
94.55 -1.088
94.5833 -1.907
94.6167 -1.507
94.65 -0.803
94.6833 -1.522
94.7167 -1.427
94.75 -0.927
94.7833 -1.136
94.8167 -1.651
94.85 -3.284
94.8833 -4.103
94.9167 -2.994
94.95 -2.594
94.9833 -1.789
95.0167 -0.584
95.05 -0.889
95.0833 -1.913
95.1167 -2.732
95.15 -1.318
95.1833 -1.732
95.2167 -1.942
95.25 -2.051
95.2833 -2.466
95.3167 -2.980
95.35 -2.785
95.3833 -1.371
95.4167 -1.275
95.45 -2.299
95.4833 -2.104
95.5167 -3.838
95.55 -2.423
95.5833 -1.923
95.6167 -2.133
95.65 -2.243
95.6833 -2.352
95.7167 -1.343
95.75 -2.671
95.7833 -1.257
95.8167 -1.467
95.85 -2.491
95.8833 -2.700
95.9167 -2.810
95.95 -3.224
95.9833 -2.519
96.0167 -2.324
96.05 -2.229
96.0833 -1.729
96.1167 -2.548
96.15 -1.843
96.1833 -2.258
96.2167 -1.858
96.25 -0.543
96.2833 -0.043
96.3167 -2.082
96.35 -1.682
96.3833 -2.806
96.4167 -3.220
96.45 -2.820
96.4833 -2.725
96.5167 -3.849
96.55 -2.839
96.5833 -3.963
96.6167 -3.259
96.65 -3.163
96.6833 -2.763
96.7167 -2.768
96.75 -1.149
96.7833 -1.663
96.8167 -1.263
96.85 -1.268
96.8833 -1.173
96.9167 -2.397
96.95 -1.692
96.9833 -1.697
97.0167 -1.297
97.05 -1.911
97.0833 -1.611
97.1167 -0.907
97.15 -1.826
97.1833 -2.135
97.2167 -1.835
97.25 -1.231
97.2833 -2.150
97.3167 -2.155
97.35 -0.635
97.3833 -0.945
97.4167 -1.659
97.45 -0.140
97.4833 0.465
97.5167 0.360
97.55 0.355
97.5833 -1.274
97.6167 -1.279
97.65 -1.383
97.6833 -1.488
97.7167 -1.188
97.75 -0.379
97.7833 -0.788
97.8167 0.021
97.85 -0.083
97.8833 -0.798
97.9167 0.012
97.95 -0.193
97.9833 1.226
98.0167 1.426
98.05 1.321
98.0833 0.507
98.1167 0.097
98.15 -0.412
98.1833 -0.007
98.2167 0.802
98.25 1.512
98.2833 0.088
98.3167 -0.422
98.35 -1.236
98.3833 -1.136
98.4167 -0.122
98.45 -0.022
98.4833 0.993
98.5167 1.093
98.55 0.483
98.5833 -0.027
98.6167 -0.231
98.65 0.683
98.6833 -0.231
98.7167 0.478
98.75 0.783
98.7833 0.783
98.8167 0.273
98.85 0.273
98.8833 1.188
98.9167 0.883
98.95 1.188
98.9833 0.578
99.0167 0.273
99.05 -0.131
99.0833 -0.131
99.1167 0.783
99.15 0.378
99.1833 0.073
99.2167 -0.027
99.25 -0.331
99.2833 0.178
99.3167 -0.531
99.35 0.078
99.3833 1.197
99.4167 1.402
99.45 0.693
99.4833 1.507
99.5167 0.188
99.55 0.088
99.5833 1.207
99.6167 1.717
99.65 1.921
99.6833 1.721
99.7167 1.621
99.75 2.436
99.7833 3.455
99.8167 3.660
99.85 4.984
99.8833 3.665
99.9167 3.769
99.95 2.755
99.9833 1.945
100.017 2.355
100.05 2.765
100.083 2.665
100.117 2.769
100.15 2.569
100.183 1.455
100.217 1.865
100.25 1.665
100.283 2.989
100.317 4.008
100.35 2.893
100.383 2.998
100.417 3.408
100.45 3.413
100.483 4.432
100.517 5.146
100.55 4.641
100.583 4.037
100.617 3.532
100.65 3.332
100.683 3.946
100.717 4.051
100.75 5.070
100.783 3.856
100.817 4.265
100.85 3.965
100.883 3.156
100.917 3.161
100.95 2.961
100.983 3.270
101.017 4.289
101.05 3.175
101.083 4.094
101.117 3.894
101.15 5.118
101.183 5.223
101.217 3.704
101.25 4.723
101.283 3.509
101.317 4.223
101.35 3.618
101.383 4.333
101.417 4.947
101.45 5.052
101.483 5.666
101.517 5.771
101.55 5.776
101.583 4.966
101.617 4.766
101.65 4.771
101.683 4.571
101.717 4.371
101.75 5.595
101.783 6.005
101.817 5.195
101.85 4.995
101.883 5.000
101.917 4.800
101.95 5.514
101.983 6.229
102.017 5.419
102.05 4.000
102.083 4.409
102.117 4.514
102.15 5.229
102.183 4.419
102.217 5.133
102.25 5.543
102.283 5.138
102.317 4.329
102.35 4.738
102.383 4.638
102.417 4.133
102.45 3.933
102.483 4.138
102.517 3.938
102.55 4.753
102.583 5.567
102.617 5.672
102.65 5.572
102.683 5.777
102.717 5.677
102.75 5.172
102.783 5.681
102.817 4.362
102.85 5.481
102.883 5.481
102.917 5.077
102.95 5.586
102.983 5.486
103.017 3.967
103.05 3.557
103.083 3.457
103.117 3.153
103.15 3.357
103.183 3.053
103.217 3.562
103.25 3.562
103.283 4.781
103.317 5.086
103.35 4.781
103.383 6.915
103.417 3.867
103.45 5.086
103.483 4.477
103.517 5.086
103.55 5.086
103.583 5.186
103.617 4.881
103.65 3.662
103.683 3.153
103.717 2.543
103.75 2.948
103.783 3.048
103.817 2.438
103.85 2.538
103.883 2.943
103.917 2.433
103.95 4.362
103.983 4.157
104.017 3.343
104.05 4.762
104.083 4.253
104.117 4.657
104.15 4.857
104.183 5.567
104.217 5.767
104.25 4.953
104.283 5.153
104.317 4.133
104.35 3.014
104.383 2.605
104.417 3.414
104.45 1.785
104.483 1.681
104.517 1.576
104.55 1.571
104.583 1.466
104.617 2.276
104.65 2.881
104.683 2.776
104.717 2.161
104.75 2.971
104.783 2.052
104.817 2.047
104.85 3.161
104.883 3.157
104.917 3.761
104.95 4.366
104.983 3.752
105.017 2.833
105.05 3.437
105.083 3.128
105.117 2.309
105.15 0.780
105.183 1.080
105.217 0.870
105.25 0.561
105.283 0.961
105.317 2.275
105.35 3.185
105.383 2.365
105.417 2.156
105.45 2.456
105.483 2.246
105.517 2.037
105.55 3.656
105.583 2.837
105.617 2.322
105.65 3.027
105.683 2.917
105.717 2.403
105.75 2.498
105.783 2.289
105.817 1.874
105.85 2.579
105.883 2.369
105.917 2.869
105.95 4.489
105.983 4.989
106.017 3.865
106.05 4.669
106.083 3.545
106.117 3.741
106.15 3.021
106.183 3.117
106.217 3.312
106.25 3.507
106.283 3.702
106.317 3.797
106.35 3.688
106.383 3.273
106.417 2.249
106.45 3.359
106.483 2.235
106.517 2.735
106.55 2.625
106.583 2.821
106.617 2.406
106.65 3.516
106.683 4.930
106.717 3.906
106.75 3.697
106.783 4.501
106.817 5.001
106.85 4.587
106.883 3.868
106.917 4.063
106.95 3.344
106.983 3.439
107.017 2.720
107.05 2.915
107.083 3.720
107.117 3.915
107.15 4.010
107.183 2.986
107.217 2.572
107.25 1.548
107.283 1.033
107.317 1.838
107.35 2.643
107.383 1.824
107.417 2.019
107.45 3.028
107.483 2.309
107.517 2.100
107.55 2.600
107.583 3.000
107.617 2.790
107.65 2.376
107.683 3.385
107.717 3.480
107.75 2.966
107.783 2.452
107.817 2.037
107.85 2.437
107.883 1.923
107.917 1.408
107.95 1.708
107.983 0.889
108.017 1.289
108.05 1.384
108.083 1.380
108.117 1.170
108.15 1.875
108.183 1.565
108.217 2.575
108.25 3.180
108.283 2.870
108.317 2.965
108.35 2.656
108.383 1.736
108.417 2.951
108.45 2.032
108.483 1.417
108.517 2.632
108.55 2.017
108.583 2.827
108.617 3.736
108.65 2.817
108.683 3.017
108.717 2.708
108.75 1.993
108.783 2.193
108.817 2.393
108.85 1.474
108.883 1.369
108.917 1.264
108.95 0.550
108.983 2.174
109.017 2.984
109.05 3.488
109.083 3.588
109.117 2.874
109.15 1.755
109.183 1.650
109.217 2.055
109.25 1.850
109.283 2.864
109.317 2.964
109.35 3.369
109.383 2.860
109.417 2.960
109.45 2.655
109.483 3.364
109.517 2.450
109.55 2.245
109.583 2.855
109.617 1.940
109.65 1.940
109.683 1.940
109.717 2.245
109.75 2.855
109.783 2.855
109.817 2.855
109.85 3.669
109.883 3.669
109.917 3.264
109.95 3.569
109.983 3.469
110.017 3.674
110.05 3.574
110.083 4.084
110.117 4.288
110.15 4.188
110.183 3.784
110.217 3.584
110.25 3.484
110.283 3.893
110.317 2.779
110.35 2.984
110.383 4.003
110.417 3.498
110.45 3.908
110.483 3.403
110.517 2.898
110.55 3.003
110.583 2.398
110.617 2.198
110.65 3.422
110.683 2.917
110.717 3.836
110.75 4.756
110.783 4.456
110.817 5.375
110.85 4.770
110.883 4.165
110.917 4.475
110.95 4.480
110.983 4.789
111.017 5.199
111.05 4.394
111.083 4.604
111.117 4.508
111.15 3.904
111.183 4.723
111.217 4.323
111.25 5.447
111.283 5.656
111.317 5.256
111.35 5.161
111.383 4.356
111.417 5.176
111.45 5.995
111.483 5.800
111.517 6.009
111.55 6.119
111.583 5.619
111.617 5.828
111.65 4.414
111.683 4.828
111.717 4.633
111.75 4.743
111.783 4.852
111.817 4.962
111.85 5.681
111.883 5.386
111.917 5.800
111.95 7.129
111.983 5.615
112.017 5.420
112.05 4.210
112.083 4.015
112.117 3.720
112.15 4.034
112.183 3.839
112.217 5.068
112.25 5.382
112.283 5.697
112.317 5.706
112.35 5.106
112.383 4.506
112.417 5.430
112.45 4.830
112.483 4.535
112.517 4.240
112.55 3.845
112.583 5.073
112.617 5.388
112.65 4.383
112.683 5.307
112.717 3.793
112.75 3.093
112.783 4.017
112.817 3.317
112.85 4.241
112.883 3.845
112.917 4.160
112.95 4.374
112.983 3.469
113.017 3.074
113.05 4.203
113.083 4.822
113.117 2.598
113.15 2.913
113.183 2.822
113.217 2.427
113.25 3.046
113.283 3.870
113.317 5.304
113.35 5.618
113.383 5.223
113.417 4.828
113.45 4.533
113.483 3.223
113.517 3.742
113.55 3.447
113.583 3.966
113.617 2.657
113.65 2.666
113.683 1.966
113.717 2.890
113.75 2.495
113.783 3.724
113.817 4.548
113.85 4.557
113.883 3.553
113.917 4.477
113.95 5.301
113.983 4.701
114.017 5.625
114.05 5.229
114.083 5.239
114.117 3.115
114.15 3.025
114.183 3.339
114.217 3.653
114.25 4.577
114.283 4.587
114.317 4.292
114.35 2.168
114.383 2.482
114.417 3.711
114.45 3.516
115.483 1.217
115.517 2.341
115.55 2.651
115.583 3.165
115.617 3.475
115.65 3.989
115.683 2.775
115.717 2.170
115.75 2.785
115.783 3.299
115.817 1.780
115.85 1.885
115.883 1.280
115.917 0.675
115.95 1.289
115.983 2.004
116.017 1.399
116.05 0.589
116.083 1.509
116.117 -0.520
116.15 -0.111
116.183 -0.615
116.217 0.709
116.25 1.118
116.283 1.833
116.317 1.023
116.35 1.128
116.383 2.247
116.417 2.352
116.45 2.252
116.483 1.847
116.517 1.037
116.55 0.633
116.583 1.142
116.617 1.652
116.65 1.857
116.683 1.452
116.717 -0.377
116.75 -0.172
116.817 -0.577
116.85 -0.272
116.883 -0.372
116.917 0.847
116.95 1.152
116.983 0.847
117.017 1.457
117.05 0.542
117.083 1.152
117.117 0.947
117.15 1.557
117.183 0.133
117.217 0.437
117.25 0.537
117.283 0.333
117.317 0.433
117.35 0.128
117.383 0.228
117.417 1.037
117.45 -0.691
117.483 -0.287
117.517 -0.491
117.55 0.623
117.583 -0.496
117.617 -0.906
117.65 -2.025
117.683 -0.301
117.717 0.509
117.75 -0.511
117.783 1.213
117.817 0.499
117.85 0.089
117.883 -0.625
117.917 -1.239
117.95 -1.039
117.983 -0.535
118.017 -0.539
118.05 -0.339
118.083 -1.259
118.117 -0.044
118.15 0.561
118.183 -0.154
118.217 -0.463
118.25 -0.468
118.283 -1.997
118.317 -2.002
118.35 -0.687
118.383 -1.607
118.417 -1.611
118.45 -1.921
118.483 -0.302
118.517 -2.135
118.55 -1.431
118.583 -1.131
118.617 -1.340
118.65 -0.635
118.683 -0.640
118.717 -0.545
118.75 -1.364
118.783 -0.355
118.817 -0.869
118.85 -1.383
118.883 -0.983
118.917 0.331
118.95 -0.183
118.983 -0.698
119.017 -0.403
119.05 -0.507
119.083 -2.241
119.117 -0.927
119.15 -1.036
119.183 -1.551
119.217 -1.455
119.25 -0.651
119.283 -0.555
119.317 -0.665
119.35 -0.570
119.383 -1.389
119.417 -1.499
119.45 -2.623
119.483 -1.513
119.517 -0.808
119.55 -0.613
119.583 0.497
119.617 -0.323
119.65 -1.042
119.683 -0.642
119.717 -1.056
119.75 -1.166
119.783 -0.766
119.817 -2.095
119.85 -2.609
119.883 -2.414
119.917 -2.523
119.95 -1.514
119.983 -0.404
120.017 -1.428
120.05 -1.943
120.083 -1.747
120.117 -2.871
120.15 -2.067
120.183 -1.262
120.217 -1.167
120.25 -0.667
120.283 -0.876
120.317 -1.595
120.35 -0.891
120.383 -1.915
120.417 -2.429
120.45 -2.539
120.483 -2.139
120.517 -1.943
120.55 -0.934
120.583 -0.739
120.617 -1.558
120.65 -0.548
120.683 -0.658
120.717 0.657
120.75 -0.163
120.783 -0.677
120.817 -1.701
120.85 -3.130
120.883 -2.730
120.917 -2.939
120.95 -1.320
120.983 -0.615
121.017 -1.739
121.05 -1.035
121.083 -1.549
121.117 -1.149
121.15 -0.139
121.183 -0.044
121.217 -1.473
121.25 -2.392
121.283 -2.907
121.317 -2.202
121.35 -2.207
121.383 -0.283
121.417 1.641
121.45 2.246
121.483 0.717
121.517 -1.016
121.55 -1.935
121.583 -1.231
121.617 -2.150
121.65 -0.935
121.683 -0.026
121.717 0.579
121.75 -0.035
121.783 1.789
121.817 0.869
121.85 -0.050
121.883 -0.359
121.917 -0.059
121.95 -0.774
121.983 -1.083
122.017 -0.783
122.05 -1.498
122.083 0.326
122.117 1.136
122.15 2.350
122.183 3.160
122.217 1.836
122.25 2.036
122.283 0.507
122.317 1.926
122.35 0.602
122.383 0.802
122.417 1.307
122.45 1.202
122.483 1.302
122.517 1.807
122.55 1.397
122.583 1.802
122.617 1.393
122.65 0.578
122.683 1.388
122.717 0.573
122.75 -0.446
122.783 1.178
122.817 1.888
122.85 2.293
122.883 3.612
122.917 4.017
122.95 3.812
122.983 3.912
123.017 4.012
123.05 4.721
123.083 3.807
123.117 3.907
123.15 3.602
123.183 3.397
123.217 3.702
123.25 3.802
123.283 4.412
123.317 4.412
123.35 4.817
123.383 3.293
123.417 3.293
123.45 2.683
123.483 2.378
123.517 2.378
123.55 2.378
123.583 2.683
123.617 3.802
123.65 4.717
123.683 5.631
123.717 5.836
123.75 5.531
123.783 3.602
123.817 2.993
123.85 2.893
123.883 3.097
123.917 3.707
123.95 2.997
123.983 3.812
124.017 3.712
124.05 3.612
124.083 3.817
124.117 4.021
124.15 3.921
124.183 5.041
124.217 4.536
124.25 3.521
124.283 3.421
124.317 3.831
124.35 4.950
124.383 6.069
124.417 4.955
124.45 4.855
124.483 4.655
124.517 4.455
124.55 5.269
124.583 5.069
124.617 5.479
124.65 4.974
124.683 5.079
124.717 5.284
124.75 5.389
124.783 5.493
124.817 5.598
124.85 6.313
124.883 5.808
124.917 4.998
124.95 4.393
124.983 5.108
125.017 4.603
125.05 5.013
125.083 6.032
125.117 5.122
125.15 6.141
125.183 5.332
125.217 5.032
125.25 6.051
125.283 5.851
125.317 5.551
125.35 6.265
125.383 5.356
125.417 6.680
125.45 6.380
125.483 7.704
125.517 6.794
125.55 7.509
125.583 6.599
125.617 6.094
125.65 6.099
125.683 5.899
125.717 5.599
125.75 6.823
125.783 7.537
125.817 6.323
125.85 6.733
125.883 6.433
125.917 6.537
125.95 6.237
125.983 6.242
126.017 6.347
126.05 7.266
126.083 7.066
126.117 7.376
126.15 6.871
126.183 8.095
126.217 7.590
126.25 8.205
126.283 6.785
126.317 7.195
126.35 7.200
126.383 6.390
126.417 7.309
126.45 7.109
126.483 7.824
126.517 7.319
126.55 7.019
126.583 6.819
126.617 5.400
126.65 6.114
126.683 6.524
126.717 6.833
126.75 7.243
126.783 6.129
126.817 6.843
126.85 6.948
126.883 7.457
126.917 8.172
126.95 7.667
126.983 7.162
127.017 6.053
127.05 4.424
127.083 5.748
127.117 6.462
127.15 6.972
127.183 7.077
127.217 6.367
127.25 5.657
127.283 6.677
127.317 6.272
127.35 6.477
127.383 7.191
127.417 6.481
127.45 5.772
127.483 5.062
127.517 5.267
127.55 5.777
127.583 5.981
127.617 6.591
127.65 5.577
127.683 4.867
127.717 4.462
127.75 4.462
127.783 4.972
127.817 5.886
127.85 6.091
127.883 6.701
127.917 6.091
127.95 5.686
127.983 5.991
128.017 6.601
128.05 6.296
128.083 5.991
128.117 5.381
128.15 4.772
128.183 4.262
128.217 4.872
128.25 4.872
128.283 4.567
128.317 5.581
128.35 4.667
128.383 4.157
128.417 3.343
128.45 3.648
128.483 4.967
128.517 5.067
128.55 5.472
128.583 4.962
128.617 4.148
128.65 5.467
128.683 4.957
128.717 5.362
128.75 6.072
128.783 5.357
128.817 4.238
128.85 4.133
128.883 4.843
128.917 5.043
128.95 4.838
128.983 4.733
129.017 4.019
129.05 4.524
129.083 3.809
129.117 4.009
129.15 3.905
129.183 3.190
129.217 2.171
129.25 3.285
129.283 3.485
129.317 3.481
129.35 4.595
129.383 4.795
129.417 4.181
129.45 2.857
129.483 3.766
129.517 3.761
129.55 4.266
129.583 4.261
129.617 3.647
129.65 4.252
129.683 3.333
129.717 3.328
129.75 3.018
129.783 1.794
129.817 2.399
129.85 3.713
129.883 1.880
129.917 0.351
129.95 1.261
129.983 1.965
130.017 1.351
130.05 1.751
130.083 2.051
130.117 2.451
130.15 1.937
130.183 1.932
130.217 2.637
130.25 2.427
130.283 2.522
130.317 3.432
130.35 2.917
130.383 1.793
130.417 2.193
130.45 2.289
130.483 1.469
130.517 1.565
130.55 2.269
130.583 1.145
130.617 1.645
130.65 1.436
130.683 1.226
130.717 1.321
130.75 1.112
130.783 0.697
130.817 1.402
130.85 1.193
130.883 1.288
130.917 0.873
130.95 0.664
130.983 1.064
131.017 2.173
131.05 1.049
131.083 0.840
131.117 1.340
131.15 1.435
131.183 2.140
131.217 1.421
131.25 0.297
131.283 1.406
131.317 0.587
131.35 0.377
131.383 0.572
131.417 0.058
131.45 1.068
131.483 2.482
131.517 2.882
131.55 2.063
131.583 1.953
131.617 1.744
131.65 1.229
131.683 0.715
131.717 1.520
131.75 1.615
131.783 0.796
131.817 0.891
131.85 1.900
131.883 0.776
131.917 1.276
131.95 2.286
131.983 2.076
132.017 2.476
132.05 1.352
132.083 1.652
132.117 2.052
132.15 1.843
132.183 2.243
132.217 1.119
132.25 1.214
132.283 1.819
132.317 1.000
132.35 0.995
132.383 1.090
132.417 1.795
132.45 2.400
132.483 1.785
132.517 1.880
132.55 1.876
132.583 1.871
132.617 1.661
132.65 1.656
132.683 1.652
132.717 1.342
132.75 1.947
132.783 1.942
132.817 1.328
132.85 1.628
132.883 1.928
132.917 1.823
132.95 1.818
132.983 2.118
133.017 2.013
133.05 1.704
133.083 0.989
133.117 1.289
133.15 1.184
133.183 1.080
133.217 0.975
133.25 0.565
133.283 0.460
133.317 0.965
133.35 -0.359
133.383 0.756
133.417 0.651
133.45 0.241
133.483 0.036
133.517 0.236
133.55 -0.273
133.583 0.841
133.617 1.246
133.65 1.346
133.683 2.156
133.717 1.341
133.75 1.441
133.783 1.236
133.817 1.641
133.85 0.727
133.883 1.741
133.917 1.841
133.95 1.232
133.983 1.332
134.017 0.722
134.05 0.517
134.083 0.517
134.117 0.517
134.15 1.127
134.183 2.346
134.217 1.432
134.25 1.432
134.283 1.736
134.317 0.822
134.35 1.332
134.383 1.636
134.417 1.232
134.45 1.841
134.483 2.351
134.517 1.946
134.55 1.236
134.583 1.441
134.617 1.341
134.65 0.632
134.683 1.751
134.717 2.260
134.75 2.465
134.783 1.960
134.817 1.556
134.85 1.660
134.883 1.765
134.917 1.056
134.95 1.160
134.983 1.875
135.017 2.894
135.05 2.084
135.083 1.275
135.117 0.670
135.15 0.470
135.183 0.880
135.217 1.494
135.25 1.599
135.283 2.518
135.317 2.523
135.35 2.323
135.383 2.328
135.417 2.332
135.45 2.032
135.483 2.342
135.517 3.261
135.55 2.861
135.583 2.256
135.617 1.956
135.65 1.252
135.683 1.256
135.717 1.771
135.75 1.980
135.783 2.290
135.817 2.500
135.85 3.014
135.883 3.224
135.917 2.214
135.95 2.119
135.983 1.719
136.017 2.233
136.05 2.648
136.083 2.248
136.117 2.457
136.15 1.652
136.183 1.862
136.217 1.362
136.25 1.776
136.283 2.291
136.317 2.096
136.35 2.205
136.383 2.620
136.417 2.120
136.45 2.229
136.483 2.034
136.517 2.144
136.55 2.863
136.583 3.277
136.617 3.387
136.65 3.192
136.683 2.897
136.717 3.616
136.75 3.625
136.783 2.821
136.817 2.625
136.85 1.721
136.883 1.425
136.917 2.145
136.95 1.849
136.983 2.264
137.017 2.883
137.05 3.502
137.083 3.512
137.117 3.826
137.15 3.936
137.183 3.945
137.217 3.345
137.25 3.660
137.283 3.974
137.317 3.984
137.35 3.993
137.383 4.308
137.417 3.708
137.45 2.803
137.483 4.032
137.517 3.737
137.55 3.441
137.583 3.146
137.617 3.461
137.65 3.980
137.683 3.989
137.717 4.304
137.75 4.009
137.783 4.018
137.817 2.809
137.85 2.818
137.883 3.337
137.917 4.566
137.95 3.661
137.983 4.890
138.017 4.900
138.05 4.605
138.083 4.919
138.117 4.929
138.15 5.853
138.183 5.862
138.217 5.162
138.25 5.477
138.283 4.572
138.317 3.972
138.35 5.301
138.383 5.615
138.417 4.710
138.45 4.415
138.483 4.425
138.517 4.434
138.55 4.444
138.583 4.249
138.617 5.477
138.65 4.877
138.683 4.582
138.717 4.692
138.75 4.092
138.783 4.201
138.817 3.906
138.85 4.321
138.883 3.416
138.917 2.916
138.95 3.330
138.983 3.035
139.017 3.449
139.05 2.949
139.083 3.059
139.117 3.169
139.15 3.278
139.183 3.388
139.217 3.497
139.25 3.912
139.283 4.021
139.317 3.621
139.35 3.426
139.383 3.536
139.417 3.745
139.45 3.245
139.483 3.760
139.517 2.650
139.55 2.250
139.583 1.850
139.617 1.450
139.65 2.574
139.683 1.869
139.717 2.993
139.75 2.289
139.783 2.193
139.817 2.403
139.85 2.408
139.883 2.313
139.917 1.913
139.95 1.308
139.983 1.008
140.017 2.132
140.05 1.222
140.083 1.532
140.117 0.927
140.15 0.322
140.183 0.937
140.217 0.637
140.25 0.337
140.283 1.051
140.317 1.056
140.35 0.756
140.383 0.861
140.417 0.661
140.45 1.580
140.483 0.770
140.517 1.180
140.55 1.589
140.583 1.085
140.617 0.885
140.65 1.904
140.683 1.094
140.717 0.689
140.75 0.185
140.783 0.389
140.95 -0.311
140.983 -0.106
141.017 0.404
141.05 0.099
141.083 1.523
141.117 0.813
141.25 0.309
141.283 1.223
141.317 0.918
141.35 0.918
141.383 0.918
141.517 0.309
141.55 0.104
141.583 -0.201
141.617 0.509
141.65 -0.101
141.683 -0.611
141.717 1.623
141.75 1.113
141.783 1.113
141.817 1.213
141.85 1.109
141.883 0.294
141.917 1.004
141.95 2.018
141.983 2.218
142.017 1.404
142.05 0.994
142.083 0.789
142.117 0.380
142.15 0.885
142.183 1.085
142.217 0.980
142.25 -0.039
142.283 0.161
142.317 0.056
142.35 0.865
142.383 1.065
142.417 0.451
142.45 0.956
