#  long.        lat       time       ( cycle 109 - cycle 109)
  84.2567368 -5.3499999  6890.62598  0.
  84.3860397 -5.  6897.82031  0.0445999987
  84.441452 -4.8499999  6900.90332  0.0839999989
  84.4710007 -4.76999998  6902.54785  0.217000008
  84.5485916 -4.55999994  6906.86426  0.313199997
  84.6446228 -4.30000019  6912.20898  0.502000034
  84.7222214 -4.09000015  6916.52637  0.628199995
  84.7961121 -3.8900001  6920.6377  0.568000019
  84.8293839 -3.79999995  6922.4873  0.699999988
  84.8700409 -3.69000006  6924.74805  0.349000007
  84.9439621 -3.49000001  6928.85938  0.156000003
  84.9920197 -3.3599999  6931.53223  0.055999998
  85.069664 -3.1500001  6935.84863  0.330000013
  85.0918579 -3.08999991  6937.08203  0.471199989
  85.1177368 -3.01999998  6938.52148  0.513999999
  85.1362305 -2.97000003  6939.54883  0.701999962
  85.1658249 -2.8900001  6941.19336  0.616999984
  85.1880188 -2.82999992  6942.42676  0.600000024
  85.2176056 -2.75  6944.07129  0.242999986
  85.2435074 -2.68000007  6945.50977  0.189999998
  85.3175049 -2.48000002  6949.62109  0.167999998
  85.3434067 -2.41000009  6951.06055  0.0643000007
  85.3989258 -2.25999999  6954.14355 -0.100000001
  85.4174347 -2.21000004  6955.17188 -0.201000005
  85.4877777 -2.01999998  6959.07715 -0.182000011
  85.5396118 -1.88  6961.95508 -0.213
  85.613678 -1.67999995  6966.06641 -0.123000003
  85.6396103 -1.61000001  6967.50488 -0.134000003
  85.6655426 -1.53999996  6968.94434 -0.268000007
  85.713707 -1.40999997  6971.61621 -0.39200002
  85.7396393 -1.34000003  6973.05566 -0.469000012
  85.7655792 -1.26999998  6974.49414 -0.45599997
  85.8137665 -1.13999999  6977.16699 -0.310000002
  85.8656616 -1.  6980.04492 -0.422999978
  85.8841934 -0.949999988  6981.07227 -0.52700001
  85.9138565 -0.870000005  6982.7168 -0.428000003
  85.9398117 -0.800000012  6984.15527 -0.275000006
  85.9620514 -0.74000001  6985.38867 -0.180000007
  86.0362167 -0.540000021  6989.5 -0.212000012
  86.0881348 -0.400000006  6992.37793 -0.160599992
  86.1141052 -0.330000013  6993.81738  0.055999998
  86.1363602 -0.270000011  6995.05078  0.111000001
  86.1474915 -0.239999995  6995.66699  0.113000005
  86.1675186 -0.186000004  6996.77637  0.0670000017
  86.1897812 -0.126000002  6998.00977  0.100000001
  86.210556 -0.0700000003  6999.16211  0.121000007
  86.2365265  0.  7000.60059 -0.324599981
  86.2624969  0.0700000003  7002.03906 -0.225699991
  86.2862396  0.134000003  7003.35449 -0.5
  86.2995987  0.170000002  7004.09473 -0.379999995
  86.3367081  0.270000011  7006.15039 -0.181000009
  86.366394  0.349999994  7007.79492 -0.0799999982
  86.3849487  0.400000006  7008.82324 -0.186000004
  86.4109192  0.469999999  7010.26172 -0.360000014
  86.4517441  0.579999983  7012.52344 -0.0359999985
  86.4777145  0.649999976  7013.96191 -0.209999993
  86.5185394  0.75999999  7016.22363 -0.419999987
  86.5630646  0.879999995  7018.69043 -0.100000001
  86.5853195  0.939999998  7019.92383  0.189999998
  86.6521149  1.12  7023.62305 -0.0299999993
  86.6743851  1.17999995  7024.85645  0.209999993
  86.69664  1.24000001  7026.08984  0.409000009
  86.7374573  1.35000002  7028.35156  0.239999995
  86.7856827  1.48000002  7031.02344  0.0889999941
  86.8301926  1.60000002  7033.49023  0.312000006
  86.8672867  1.70000005  7035.5459  0.055999998
  86.8858261  1.75  7036.57422  0.300300002
  86.9043732  1.79999995  7037.60156  0.386999995
  86.941452  1.89999998  7039.65723  0.201000005
  86.9822388  2.00999999  7041.91797  0.539000034
  87.0230103  2.11999989  7044.17969  0.396300018
  87.0489578  2.19000006  7045.61816  0.26700002
  87.0711975  2.25  7046.85156  0.518999994
  87.1119537  2.3599999  7049.1123  0.0120000001
  87.1341858  2.42000008  7050.3457  0.134000003
  87.1601181  2.49000001  7051.78516  0.513999999
  87.1786346  2.53999996  7052.8125  0.417999983
  87.2008591  2.5999999  7054.0459  0.
  87.2378845  2.70000005  7056.10156  0.167999998
  87.2897034  2.83999991  7058.97949  0.492000014
  87.3340988  2.96000004  7061.44531  0.291000009
  87.3562927  3.01999998  7062.67871 -0.0790000036
  87.3784943  3.07999992  7063.91211  0.35799998
  87.4450378  3.25999999  7067.6123  0.504000008
  87.5078506  3.43000007  7071.10742 -0.123000003
  87.5337067  3.5  7072.5459  0.157000005
  87.5521698  3.54999995  7073.57422  0.416999996
  87.5743179  3.6099999  7074.80762  0.0340000018
  87.6186066  3.73000002  7077.27441  0.100000001
  87.6407471  3.78999996  7078.50781  0.159999996
  87.7070999  3.97000003  7082.20703 -0.223999992
  87.7292099  4.03000021  7083.44043 -0.0670000017
  87.773407  4.1500001  7085.90723 -0.0109999999
  87.8175812  4.26999998  7088.37402 -0.111999996
  87.8396606  4.32999992  7089.60742 -0.023
  87.8617325  4.38999987  7090.84082 -0.0450000018
  87.9242172  4.55999994  7094.33594 -0.352999985
  87.9683075  4.67999983  7096.80273  0.167700008
  87.9903107  4.73999977  7098.03613 -0.190400004
  88.0123367  4.80000019  7099.26855 -0.537
  88.0343475  4.86000013  7100.50195 -0.202999994
  88.0563354  4.92000008  7101.73535 -0.30399999
  88.078331  4.98000002  7102.96875 -0.310000002
  88.1003265  5.03999996  7104.20215 -0.0340000018
  88.1186295  5.09000015  7105.23047 -0.879999995
  88.1662216  5.21999979  7107.90234 -0.460000008
  88.2100983  5.34000015  7110.36914 -0.219999999
  88.2320251  5.4000001  7111.60254  0.201000005
  88.2685623  5.5  7113.6582 -0.157000005
  88.2977524  5.57999992  7115.30273 -0.469000012
  88.3159943  5.63000011  7116.33105 -0.167500004
  88.337883  5.69000006  7117.56445  0.111999996
  88.3597488  5.75  7118.79688 -0.178700015
  88.3816071  5.80999994  7120.03027 -0.529999971
  88.4034576  5.86999989  7121.26367 -0.178700015
  88.4216614  5.92000008  7122.29199 -0.256300002
  88.4507599  6.  7123.93652 -0.430000007
  88.4653168  6.03999996  7124.75879 -0.347000003
  88.4907532  6.11000013  7126.19727 -0.189999998
  88.5125504  6.17000008  7127.43066 -0.212000012
  88.5307083  6.21999979  7128.45898 -0.291000009
  88.5778656  6.3499999  7131.13086 -0.391600013
  88.603241  6.42000008  7132.57031 -0.666999996
  88.6358414  6.51000023  7134.41992 -0.532999992
  88.6539307  6.55999994  7135.44824 -0.449999988
  88.7009659  6.69000006  7138.12012 -0.400000006
  88.7334824  6.78000021  7139.96973 -0.200000003
  88.7623596  6.86000013  7141.61426 -0.400000006
  88.7948151  6.94999981  7143.46484 -0.466300011
  88.8272629  7.03999996  7145.31445 -0.567000031
  88.8596725  7.13000011  7147.16504 -0.51700002
  88.8884583  7.21000004  7148.80957 -0.400000006
  88.9208145  7.30000019  7150.65918 -0.416299999
  88.9531174  7.38999987  7152.50977 -0.232999995
  88.9854126  7.48000002  7154.35938 -0.366699994
  89.0176849  7.57000017  7156.20996 -0.48299998
  89.0463257  7.6500001  7157.85449 -0.316000015
  89.0821228  7.75  7159.90918 -0.334000021
  89.1107101  7.82999992  7161.55371 -0.182999998
  89.1428604  7.92000008  7163.4043 -0.200000003
  89.1749573  8.01000023  7165.25391 -0.133699998
  89.2070465  8.10000038  7167.10449 -0.333700001
  89.2355423  8.18000031  7168.74902 -0.221200004
  89.2604294  8.25  7170.1875 -0.283300012
  89.29953  8.35999966  7172.44922 -0.25
  89.3314896  8.44999981  7174.29883 -0.287
  89.3953171  8.63000011  7177.99902 -0.25
  89.4872742  8.89000034  7183.34375 -0.233999997
  89.5261078  9.  7185.60449 -0.116700001
  89.5824585  9.15999985  7188.89355 -0.25
  89.6141434  9.25  7190.74414 -0.182999998
  89.6422729  9.32999992  7192.38867 -0.0500000007
  89.6738968  9.42000008  7194.23828 -0.183300003
  89.7054749  9.51000023  7196.08887 -0.167000011
  89.73703  9.60000038  7197.93848 -0.26700002
  89.7685471  9.68999958  7199.78809 -0.282999992
  89.7965469  9.77000046  7201.43262 -0.25
  89.8280029  9.85999966  7203.2832 -0.317000002
  89.859436  9.94999981  7205.13281 -0.25
  89.9222183  10.1300001  7208.83301 -0.25
  89.9500732  10.21  7210.47754 -0.167000011
  89.9813843  10.3000002  7212.32715 -0.116999999
  90.0161591  10.3999996  7214.38281 -0.184
  90.0439529  10.4799995  7216.02734 -0.25
  90.0752029  10.5699997  7217.87695 -0.167000011
  90.1063995  10.6599998  7219.72656 -0.100000001
  90.1341324  10.7399998  7221.37109 -0.183300003
  90.1652908  10.8299999  7223.22168 -0.200000003
  90.1791306  10.8699999  7224.04395 -0.184
  90.1964264  10.9200001  7225.07129 -0.317000002
  90.2240906  11.  7226.71582 -0.116999999
  90.2586365  11.1000004  7228.77148 -0.166299999
  90.2862549  11.1800003  7230.41602 -0.0663000047
  90.3173218  11.2700005  7232.2666 -0.066700004
  90.3483353  11.3599997  7234.11621 -0.0670000017
  90.3793411  11.4499998  7235.9668 -0.134000003
  90.4103317  11.54  7237.81641 -0.183300003
  90.4412994  11.6300001  7239.66602 -0.0837000012
  90.4688263  11.71  7241.31055 -0.132200003
  90.4997635  11.8000002  7243.16113 -0.266600013
  90.5306778  11.8900003  7245.01074 -0.316599995
  90.5684586  12.  7247.27246 -0.313300014
  90.5924988  12.0699997  7248.71094 -0.2333
  90.6199341  12.1499996  7250.35547 -0.2667
  90.6508102  12.2399998  7252.20605 -0.25030002
  90.6816635  12.3299999  7254.05566 -0.2333
  90.7125168  12.4200001  7255.90527 -0.200000003
  90.7742081  12.6000004  7259.60547 -0.300300002
  90.8084641  12.6999998  7261.66113 -0.184
  90.8632584  12.8599997  7264.9502 -0.150000006
  90.8940735  12.9499998  7266.80078 -0.216299996
  90.9214935  13.0299997  7268.44531 -0.300300002
  90.9523163  13.1199999  7270.29492 -0.333300024
  90.983139  13.21  7272.14551 -0.180000007
  91.0139618  13.3000002  7273.99512 -0.100000001
  91.0448074  13.3900003  7275.8457 -0.0659999996
  91.0756378  13.4799995  7277.69531  0.0503000021
  91.1030655  13.5600004  7279.33984  0.116999999
  91.1339111  13.6499996  7281.18945  0.0500000007
  91.1647873  13.7399998  7283.04004  0.0833000019
  91.1922379  13.8199997  7284.68457  0.0340000018
  91.2265701  13.9200001  7286.74023  0.0170000009
  91.2540283  14.  7288.38477  0.134000003
  91.2883987  14.1000004  7290.44043  0.184
  91.315918  14.1800003  7292.08496 -0.0500000007
  91.3468857  14.2700005  7293.93457  1.49729999E-06
  91.377861  14.3599997  7295.78418  0.0670000017
  91.4364624  14.5299997  7299.2793  0.0839999989
  91.4951553  14.6999998  7302.77344  0.100000001
  91.5643616  14.8999996  7306.88477  0.0830000043
  91.6510849  15.1499996  7312.02441  0.0654999986
  91.6823959  15.2399998  7313.87402  0.0500000007
  91.7137299  15.3299999  7315.72363  0.0332999974
  91.7485962  15.4300003  7317.7793  0.0833000019
  91.8044891  15.5900002  7321.06836 -0.0665999949
  91.867569  15.7700005  7324.76855  0.0500000007
  91.8991852  15.8599997  7326.61914  0.0500000007
  91.9308548  15.9499998  7328.46875  0.100000001
  92.0226212  16.2099991  7333.81348 -0.0332999974
  92.054512  16.2999992  7335.66309 -0.0500000007
  92.1148987  16.4699993  7339.1582 -0.0837000012
  92.1469498  16.5599995  7341.00781 -0.166600004
  92.1790619  16.6499996  7342.8584 -0.0500000007
  92.2255707  16.7800007  7345.53027 -0.25
  92.2722244  16.9099998  7348.20312 -0.0670000017
  92.3046036  17.  7350.05273 -0.134000003
  92.3406525  17.1000004  7352.1084 -0.0503000021
  92.3695602  17.1800003  7353.75293  0.0837000012
  92.4021683  17.2700005  7355.60254 -0.133300006
  92.4311752  17.3500004  7357.24707  0.0670000017
  92.4966888  17.5300007  7360.94727  0.166600004
  92.5295639  17.6200008  7362.79688  0.166700006
  92.5625  17.7099991  7364.64746 -0.0833000019
  92.5955124  17.7999992  7366.49707  0.0500000007
  92.6322784  17.8999996  7368.55273  0.100000001
  92.6580734  17.9699993  7369.99121  0.25
  92.6912918  18.0599995  7371.8418  0.0833000019
  92.7246017  18.1499996  7373.69141  0.133300006
  92.7579651  18.2399998  7375.54102  0.133300006
  92.7914047  18.3299999  7377.3916  0.150000006
  92.8547745  18.5  7380.88574  0.116999999
  92.8884201  18.5900002  7382.73633  0.249699995
  92.922142  18.6800003  7384.58594  0.217000008
  92.955925  18.7700005  7386.43652  0.25
  92.9860001  18.8500004  7388.08105  0.334000021
  93.0198975  18.9400005  7389.93066  0.5
  93.0425339  19.  7391.16406  0.529999971
  93.0538712  19.0300007  7391.78125  0.283300012
  93.0879059  19.1200008  7393.63086  0.116999999
  93.1181946  19.2000008  7395.27539  0.370000005
  93.1371536  19.25  7396.30273  0.
  93.1865005  19.3799992  7398.97559  0.182999998
  93.205513  19.4300003  7400.00293  0.100000001
  93.2207336  19.4699993  7400.8252  0.0500000007
  93.2511978  19.5499992  7402.46973  0.107000001
  93.2893143  19.6499996  7404.52539  0.0500000007
  93.3236771  19.7399998  7406.37598  0.182999998
  93.3542328  19.8199997  7408.02051  0.316000015
  93.3886414  19.9099998  7409.87012  0.303000003
