84.2567368 -5.3499999 0
84.3860397 -5. 0
84.441452 -4.8499999 0
84.4710007 -4.76999998 0
84.5485916 -4.55999994 0
84.6446228 -4.30000019 0
84.7222214 -4.09000015 0
84.7961121 -3.8900001 0
84.8293839 -3.79999995 0
84.8700409 -3.69000006 0
84.9439621 -3.49000001 0
84.9920197 -3.3599999 0
85.069664 -3.1500001 0
85.0918579 -3.08999991 0
85.1177368 -3.01999998 0
85.1362305 -2.97000003 0
85.1658249 -2.8900001 0
85.1880188 -2.82999992 0
85.2176056 -2.75 0
85.2435074 -2.68000007 0
85.3175049 -2.48000002 0
85.3434067 -2.41000009 0
85.3989258 -2.25999999 0
85.4174347 -2.21000004 0
85.4877777 -2.01999998 0
85.5396118 -1.88 0
85.613678 -1.67999995 0
85.6396103 -1.61000001 0
85.6655426 -1.53999996 0
85.713707 -1.40999997 0
85.7396393 -1.34000003 0
85.7655792 -1.26999998 0
85.8137665 -1.13999999 0
85.8656616 -1. 0
85.8841934 -0.949999988 0
85.9138565 -0.870000005 0
85.9398117 -0.800000012 0
85.9620514 -0.74000001 0
86.0362167 -0.540000021 0
86.0881348 -0.400000006 0
86.1141052 -0.330000013 0
86.1363602 -0.270000011 0
86.1474915 -0.239999995 0
86.1675186 -0.186000004 0
86.1897812 -0.126000002 0
86.210556 -0.0700000003 0
86.2365265 0. 0
86.2624969 0.0700000003 0
86.2862396 0.134000003 0
86.2995987 0.170000002 0
86.3367081 0.270000011 0
86.366394 0.349999994 0
86.3849487 0.400000006 0
86.4109192 0.469999999 0
86.4517441 0.579999983 0
86.4777145 0.649999976 0
86.5185394 0.75999999 0
86.5630646 0.879999995 0
86.5853195 0.939999998 0
86.6521149 1.12 0
86.6743851 1.17999995 0
86.69664 1.24000001 0
86.7374573 1.35000002 0
86.7856827 1.48000002 0
86.8301926 1.60000002 0
86.8672867 1.70000005 0
86.8858261 1.75 0
86.9043732 1.79999995 0
86.941452 1.89999998 0
86.9822388 2.00999999 0
87.0230103 2.11999989 0
87.0489578 2.19000006 0
87.0711975 2.25 0
87.1119537 2.3599999 0
87.1341858 2.42000008 0
87.1601181 2.49000001 0
87.1786346 2.53999996 0
87.2008591 2.5999999 0
87.2378845 2.70000005 0
87.2897034 2.83999991 0
87.3340988 2.96000004 0
87.3562927 3.01999998 0
87.3784943 3.07999992 0
87.4450378 3.25999999 0
87.5078506 3.43000007 0
87.5337067 3.5 0
87.5521698 3.54999995 0
87.5743179 3.6099999 0
87.6186066 3.73000002 0
87.6407471 3.78999996 0
87.7070999 3.97000003 0
87.7292099 4.03000021 0
87.773407 4.1500001 0
87.8175812 4.26999998 0
87.8396606 4.32999992 0
87.8617325 4.38999987 0
87.9242172 4.55999994 0
87.9683075 4.67999983 0
87.9903107 4.73999977 0
88.0123367 4.80000019 0
88.0343475 4.86000013 0
88.0563354 4.92000008 0
88.078331 4.98000002 0
88.1003265 5.03999996 0
88.1186295 5.09000015 0
88.1662216 5.21999979 0
88.2100983 5.34000015 0
88.2320251 5.4000001 0
88.2685623 5.5 0
88.2977524 5.57999992 0
88.3159943 5.63000011 0
88.337883 5.69000006 0
88.3597488 5.75 0
88.3816071 5.80999994 0
88.4034576 5.86999989 0
88.4216614 5.92000008 0
88.4507599 6. 0
88.4653168 6.03999996 0
88.4907532 6.11000013 0
88.5125504 6.17000008 0
88.5307083 6.21999979 0
88.5778656 6.3499999 0
88.603241 6.42000008 0
88.6358414 6.51000023 0
88.6539307 6.55999994 0
88.7009659 6.69000006 0
88.7334824 6.78000021 0
88.7623596 6.86000013 0
88.7948151 6.94999981 0
88.8272629 7.03999996 0
88.8596725 7.13000011 0
88.8884583 7.21000004 0
88.9208145 7.30000019 0
88.9531174 7.38999987 0
88.9854126 7.48000002 0
89.0176849 7.57000017 0
89.0463257 7.6500001 0
89.0821228 7.75 0
89.1107101 7.82999992 0
89.1428604 7.92000008 0
89.1749573 8.01000023 0
89.2070465 8.10000038 0
89.2355423 8.18000031 0
89.2604294 8.25 0
89.29953 8.35999966 0
89.3314896 8.44999981 0
89.3953171 8.63000011 0
89.4872742 8.89000034 0
89.5261078 9. 0
89.5824585 9.15999985 0
89.6141434 9.25 0
89.6422729 9.32999992 0
89.6738968 9.42000008 0
89.7054749 9.51000023 0
89.73703 9.60000038 0
89.7685471 9.68999958 0
89.7965469 9.77000046 0
89.8280029 9.85999966 0
89.859436 9.94999981 0
89.9222183 10.1300001 0
89.9500732 10.21 0
89.9813843 10.3000002 0
90.0161591 10.3999996 0
90.0439529 10.4799995 0
90.0752029 10.5699997 0
90.1063995 10.6599998 0
90.1341324 10.7399998 0
90.1652908 10.8299999 0
90.1791306 10.8699999 0
90.1964264 10.9200001 0
90.2240906 11. 0
90.2586365 11.1000004 0
90.2862549 11.1800003 0
90.3173218 11.2700005 0
90.3483353 11.3599997 0
90.3793411 11.4499998 0
90.4103317 11.54 0
90.4412994 11.6300001 0
90.4688263 11.71 0
90.4997635 11.8000002 0
90.5306778 11.8900003 0
90.5684586 12. 0
90.5924988 12.0699997 0
90.6199341 12.1499996 0
90.6508102 12.2399998 0
90.6816635 12.3299999 0
90.7125168 12.4200001 0
90.7742081 12.6000004 0
90.8084641 12.6999998 0
90.8632584 12.8599997 0
90.8940735 12.9499998 0
90.9214935 13.0299997 0
90.9523163 13.1199999 0
90.983139 13.21 0
91.0139618 13.3000002 0
91.0448074 13.3900003 0
91.0756378 13.4799995 0
91.1030655 13.5600004 0
91.1339111 13.6499996 0
91.1647873 13.7399998 0
91.1922379 13.8199997 0
91.2265701 13.9200001 0
91.2540283 14. 0
91.2883987 14.1000004 0
91.315918 14.1800003 0
91.3468857 14.2700005 0
91.377861 14.3599997 0
91.4364624 14.5299997 0
91.4951553 14.6999998 0
91.5643616 14.8999996 0
91.6510849 15.1499996 0
91.6823959 15.2399998 0
91.7137299 15.3299999 0
91.7485962 15.4300003 0
91.8044891 15.5900002 0
91.867569 15.7700005 0
91.8991852 15.8599997 0
91.9308548 15.9499998 0
92.0226212 16.2099991 0
92.054512 16.2999992 0
92.1148987 16.4699993 0
92.1469498 16.5599995 0
92.1790619 16.6499996 0
92.2255707 16.7800007 0
92.2722244 16.9099998 0
92.3046036 17. 0
92.3406525 17.1000004 0
92.3695602 17.1800003 0
92.4021683 17.2700005 0
92.4311752 17.3500004 0
92.4966888 17.5300007 0
92.5295639 17.6200008 0
92.5625 17.7099991 0
92.5955124 17.7999992 0
92.6322784 17.8999996 0
92.6580734 17.9699993 0
92.6912918 18.0599995 0
92.7246017 18.1499996 0
92.7579651 18.2399998 0
92.7914047 18.3299999 0
92.8547745 18.5 0
92.8884201 18.5900002 0
92.922142 18.6800003 0
92.955925 18.7700005 0
92.9860001 18.8500004 0
93.0198975 18.9400005 0
93.0425339 19. 0
93.0538712 19.0300007 0
93.0879059 19.1200008 0
93.1181946 19.2000008 0
93.1371536 19.25 0
93.1865005 19.3799992 0
93.205513 19.4300003 0
93.2207336 19.4699993 0
93.2511978 19.5499992 0
93.2893143 19.6499996 0
93.3236771 19.7399998 0
93.3542328 19.8199997 0
93.3886414 19.9099998 0
