-24.9833 1.210
-24.9167 1.410
-24.85 1.400
-24.7833 1.086
-24.7167 1.381
-24.65 0.662
-24.5833 1.162
-24.5167 1.052
-24.45 0.638
-24.3833 1.038
-24.3167 1.133
-24.25 0.924
-24.1833 1.224
-24.1167 1.624
-24.05 1.619
-23.9833 1.919
-23.9167 1.509
-23.85 1.404
-23.7833 1.300
-23.7167 1.195
-23.65 0.990
-23.5833 1.090
-23.5167 1.190
-23.45 0.580
-23.3833 0.885
-23.3167 0.885
-23.25 0.580
-23.1833 0.480
-23.1167 0.075
-23.05 0.280
-22.9833 -0.225
-22.9167 -0.425
-22.85 -0.015
-22.7833 -0.215
-22.7167 0.195
-22.65 -0.105
-22.5833 -0.100
-22.5167 -0.096
-22.45 -0.396
-22.3833 -0.086
-22.3167 -0.181
-22.25 -0.581
-22.1833 -0.372
-22.1167 -0.772
-22.05 -0.257
-21.9833 0.257
-21.9167 0.062
-21.85 0.272
-21.7833 0.076
-21.7167 0.186
-21.65 -0.314
-21.5833 -0.409
-21.5167 -0.300
-21.45 0.115
-21.3833 -0.080
-21.3167 -0.276
-21.25 0.039
-21.1833 0.148
-21.1167 -0.047
-21.05 0.368
-20.9833 -0.132
-20.9167 -0.328
-20.85 -0.523
-20.7833 -0.208
-20.7167 -0.708
-20.65 0.011
-20.5833 -0.184
-20.5167 -0.075
-20.45 0.035
-20.3833 -0.160
-20.3167 -0.356
-20.25 -0.146
-20.1833 0.268
-20.1167 0.378
-20.05 0.792
-19.9833 0.697
-19.9167 0.502
-19.85 1.321
-19.7833 1.226
-19.7167 1.436
-19.65 1.545
-19.5833 1.145
-19.5167 1.150
-19.45 1.055
-19.3833 0.960
-19.3167 1.574
-19.25 0.869
-19.1833 0.874
-19.1167 1.184
-19.05 1.188
-18.9833 1.598
-18.9167 1.298
-18.85 1.403
-18.7833 1.812
-18.7167 1.612
-18.65 1.108
-18.5833 2.227
-18.5167 2.027
-18.45 1.927
-18.3833 1.827
-18.3167 1.827
-18.25 1.422
-18.1833 1.422
-18.1167 1.727
-18.05 2.132
-17.9833 1.827
-17.9167 1.927
-17.85 1.822
-17.7833 2.227
-17.7167 1.817
-17.65 1.712
-17.5833 1.303
-17.5167 1.298
-17.45 1.293
-17.3833 1.288
-17.3167 1.284
-17.25 1.379
-17.1833 1.474
-17.1167 1.264
-17.05 1.764
-16.9833 1.350
-16.9167 1.240
-16.85 0.826
-16.7833 1.731
-16.7167 1.416
-16.65 1.407
-16.5833 1.397
-16.5167 1.183
-16.45 1.578
-16.3833 1.364
-16.3167 0.944
-16.25 1.035
-16.1833 1.530
-16.1167 1.416
-16.05 1.401
-15.9833 1.592
-15.9167 1.577
-15.85 1.258
-15.7833 1.853
-15.7167 0.924
-15.65 2.129
-15.5833 2.215
-15.5167 2.505
-15.45 2.286
-15.3833 2.676
-15.3167 2.457
-15.25 1.933
-15.1833 2.324
-15.1167 2.104
-15.05 2.800
-14.9833 2.580
-14.9167 2.766
-14.85 2.851
-14.7833 2.632
-14.7167 2.718
-14.65 3.108
-14.5833 2.684
-14.5167 2.465
-14.45 3.465
-14.3833 3.551
-14.3167 2.927
-14.25 3.622
-14.1833 3.403
-14.1167 3.388
-14.05 3.474
-13.9833 3.764
-13.9167 3.445
-13.85 3.735
-13.7833 3.721
-13.7167 4.216
-13.65 3.797
-13.5833 3.683
-13.5167 4.178
-13.45 3.759
-13.3833 3.849
-13.3167 4.244
-13.25 4.030
-13.1833 4.425
-13.1167 4.111
-13.05 4.101
-12.9833 4.091
-12.9167 3.982
-12.85 3.567
-12.7833 3.458
-12.7167 3.653
-12.65 3.748
-12.5833 3.539
-12.5167 3.229
-12.45 3.529
-12.3833 3.829
-12.3167 3.519
-12.25 4.024
-12.1833 3.515
-12.1167 4.019
-12.05 4.119
-11.9833 4.119
-11.9167 4.729
-11.85 4.119
-11.7833 4.119
-11.7167 3.715
-11.65 3.819
-11.5833 4.024
-11.5167 3.724
-11.45 3.829
-11.3833 3.529
-11.3167 3.534
-11.25 3.439
-11.1833 3.953
-11.1167 4.063
-11.05 4.172
-10.9833 3.977
-10.9167 3.682
-10.85 3.691
-10.7833 3.396
-10.7167 3.001
-10.65 2.911
-10.5833 2.820
-10.5167 2.935
-10.45 2.744
-10.3833 2.759
-10.3167 2.773
-10.25 3.092
-10.1833 3.107
-10.1167 3.021
-10.05 2.935
-9.98333 2.545
-9.91666 2.764
-9.84999 2.579
-9.78334 2.393
-9.71667 2.512
-9.65 2.327
-9.58333 1.736
-9.51668 2.160
-9.45001 2.179
-9.38333 1.894
-9.31666 1.913
-9.24999 1.832
-9.18334 1.547
-9.11667 1.161
-9.05 1.180
-8.98333 1.404
-8.91668 1.324
-8.85001 1.243
-8.78333 1.162
-8.71666 1.081
-8.64999 1.610
-8.58334 0.920
-8.51667 1.144
-8.45 1.368
-8.38333 1.492
-8.31668 1.411
-8.25001 1.635
-8.18333 1.554
-8.11666 1.778
-8.04999 1.697
-7.98334 2.226
-7.91667 2.450
-7.85 1.760
-7.78333 1.374
-7.71668 1.293
-7.65001 1.312
-7.58333 1.232
-7.51666 1.556
-7.44999 1.270
-7.38334 0.984
-7.31667 1.308
-7.25 1.328
-7.18333 1.042
-7.11668 0.856
-7.05001 0.876
-6.98333 0.690
-6.91666 0.809
-6.84999 0.419
-6.78334 0.538
-6.71667 0.757
-6.65 0.672
-6.58333 0.991
-6.51668 0.600
-6.45001 0.920
-6.38333 0.629
-6.31666 0.439
-6.24999 0.553
-6.18334 0.668
-6.11667 0.172
-6.05 0.692
-5.98333 0.296
-5.91668 0.306
-5.85001 0.620
-5.78333 0.630
-5.71666 0.435
-5.64999 0.544
-5.58334 0.654
-5.51667 1.168
-5.45 1.073
-5.38333 1.383
-5.31668 1.692
-5.25001 1.697
-5.18333 1.802
-4.91667 1.302
-4.85 0.997
-4.78333 1.402
-4.71668 0.792
-4.65001 0.892
-4.58333 1.092
-4.44999 0.578
-4.25 0.259
-4.18333 0.354
-4.11668 0.549
-4.05001 0.340
-3.98333 0.230
-3.91666 0.730
-3.84999 0.416
-3.78334 0.711
-3.71667 0.092
-3.65 0.792
-3.58333 0.477
-3.51668 0.668
-3.45001 1.063
-3.38333 0.948
-3.31666 0.834
-3.24999 1.329
-3.18334 0.910
-3.11667 1.505
-3.05 1.491
-2.98333 1.476
-2.91668 1.767
-2.85001 1.448
-2.78333 1.838
-2.71666 1.519
-2.64999 1.909
-2.58334 1.385
-2.51667 2.080
-2.45 2.471
-2.38333 2.556
-2.31668 2.437
-2.25001 2.523
-2.18333 2.608
-2.11666 2.389
-2.04999 2.575
-1.98334 2.356
-1.91667 2.541
-1.85 2.932
-1.78333 3.322
-1.71668 3.508
-1.65001 3.593
-1.58333 3.374
-1.51666 3.155
-1.44999 3.545
-1.38334 3.326
-1.31667 3.412
-1.25 3.092
-1.18333 2.873
-1.11668 2.859
-1.05001 3.149
-0.983333 2.830
-0.916661 3.425
-0.849989 3.411
-0.783341 3.296
-0.716669 3.587
-0.649997 3.472
-0.583325 3.358
-0.516677 3.548
-0.450005 3.334
-0.383333 3.424
-0.316661 3.210
-0.249989 3.300
-0.183341 3.596
-0.116669 3.686
-0.0499973 3.372
0.0166747 3.567
0.0833227 3.557
0.149995 4.057
0.216667 3.848
0.283339 3.433
0.350011 3.833
0.416659 3.319
0.483331 4.024
0.550003 3.409
0.616675 4.014
0.683323 3.604
0.749995 3.295
0.816667 3.190
0.883339 2.985
0.950011 2.780
1.01666 3.185
1.08333 2.980
1.15 2.675
1.21667 2.775
1.28332 2.675
1.34999 2.675
1.41667 2.575
1.48334 2.475
1.55001 1.971
1.61666 2.380
1.68333 1.571
1.75 1.980
1.81667 2.085
1.88332 2.395
1.94999 2.400
2.01667 2.609
2.08334 2.614
2.15001 1.909
2.21666 2.119
2.28333 2.328
2.35 2.843
2.41667 2.443
2.48332 2.552
2.54999 2.357
2.61667 2.467
2.68334 2.576
2.75001 2.686
2.81666 2.186
2.88333 2.296
2.95 2.000
3.01667 1.805
3.08332 0.900
3.14999 0.400
3.21667 0.715
3.28334 28.766
3.35001 124.178
3.41666 146.538
3.48333 38.648
3.55 -68.327
3.61667 -62.526
3.68332 -65.565
3.74999 -22.783
3.81667 -47.157
3.88334 27.528
3.95001 48.569
4.01666 73.368
4.08333 55.089
4.15 40.773
4.21667 -30.441
4.28332 -85.905
4.34999 -115.056
4.41667 -82.738
4.48334 -15.876
4.55001 37.268
4.61666 8.727
4.68333 45.413
4.75 42.169
4.81667 32.525
4.88332 33.549
4.94999 -21.205
5.01667 -33.897
5.08334 -10.218
5.15001 -7.570
5.21666 8.084
5.28333 27.496
5.35 33.597
5.41667 41.122
5.48332 42.246
5.54999 11.161
5.61667 16.043
5.68334 -0.716
5.75001 -6.503
5.81666 -34.540
5.88333 -20.109
5.95 4.280
6.01667 -5.574
6.08332 -30.158
6.14999 -27.615
6.21667 -15.523
6.28334 13.638
6.35001 33.755
6.41666 32.741
6.48333 24.511
6.55 4.699
6.61667 -9.527
6.68332 -13.794
6.74999 -1.502
6.81667 -4.350
6.88334 8.856
6.95001 23.687
7.01666 15.452
7.08333 27.235
7.15 17.172
7.21667 11.171
7.28332 0.193
7.34999 -25.010
7.41667 -27.049
7.48334 -23.500
7.55001 -3.593
7.61666 18.648
7.68333 28.596
7.75 17.309
7.81667 5.717
7.88332 1.136
7.94999 -2.127
8.01667 -2.441
8.08334 -0.422
8.15001 4.545
8.21666 16.623
8.28333 4.216
8.35 26.452
8.41667 20.242
8.48332 16.570
8.54999 15.946
8.61667 4.044
8.68334 -5.419
8.75001 -4.214
8.81666 -4.738
8.88333 -5.872
8.95 -3.348
9.01667 12.283
9.08332 19.074
9.14999 15.197
9.21667 3.800
9.28334 2.057
9.35001 4.376
9.41666 7.915
9.48333 -3.277
9.55 -4.921
9.61667 -11.745
9.68332 -2.721
9.74999 9.962
9.81667 15.024
9.88334 13.991
9.95001 7.775
10.0167 6.337
10.0833 -1.402
10.15 8.842
10.2167 5.575
10.2833 4.846
10.35 6.151
10.4167 -2.908
10.4833 7.236
10.55 14.637
10.6167 11.370
10.6833 7.188
10.75 3.211
10.8167 13.255
10.8833 3.792
10.95 0.730
11.0167 -1.113
11.0833 -1.228
11.15 8.107
11.2167 21.708
11.2833 17.836
11.35 16.707
11.4167 2.472
11.4833 4.391
11.55 -3.543
11.6167 5.896
11.6833 8.530
11.75 11.263
11.8167 9.935
11.8833 10.030
11.95 16.526
12.0167 9.001
12.0833 8.487
12.15 3.910
12.2167 -1.377
12.2833 -1.077
12.35 1.257
12.4167 -6.263
12.4833 -1.591
12.55 8.872
12.6167 17.102
12.6833 22.283
12.75 21.979
12.8167 -9.516
12.8833 4.000
12.95 -4.734
13.0167 3.600
13.0833 2.181
13.15 4.624
13.2167 7.577
13.2833 15.102
13.35 12.568
13.4167 16.640
13.4833 7.301
13.55 -2.038
13.6167 9.554
13.6833 6.515
13.75 14.350
13.8167 10.602
13.8833 9.192
13.95 8.492
14.0167 5.459
14.0833 -2.047
14.15 -5.385
14.2167 -12.077
14.2833 -0.480
14.35 14.979
14.4167 19.771
14.4833 21.719
14.55 19.500
14.6167 12.303
14.6833 -0.074
14.75 2.383
14.8167 1.793
14.8833 5.265
14.95 10.975
15.0167 18.005
15.0833 6.747
15.15 11.238
15.2167 -0.121
15.2833 -0.201
15.35 1.242
15.4167 -6.459
15.4833 -5.016
15.55 -3.368
15.6167 1.124
15.6833 -0.276
15.75 2.691
15.8167 0.986
15.8833 9.340
15.95 11.392
16.0167 6.944
16.0833 1.277
16.15 0.487
16.2167 -11.276
16.2833 -1.604
16.35 -19.463
16.4167 13.884
16.4833 16.547
16.55 2.650
16.6167 3.179
16.6833 -22.605
16.75 9.318
16.8167 -2.650
16.8833 -39.102
16.95 -2.302
17.0167 -0.859
17.0833 4.952
17.15 13.710
17.2167 17.387
17.2833 1.456
17.35 -6.449
17.4167 0.071
17.4833 0.090
17.55 -0.196
17.6167 -7.696
17.6833 -0.262
17.75 4.124
17.8167 0.991
17.8833 -1.838
17.95 -2.533
18.0167 0.124
18.0833 5.625
18.15 7.468
18.2167 4.130
18.2833 -2.561
18.35 -9.762
18.4167 -7.109
18.4833 -0.899
18.55 1.449
18.6167 5.421
18.6833 2.588
18.75 0.564
18.8167 4.231
18.8833 1.292
18.95 -4.999
19.0167 -4.484
19.0833 -6.408
19.15 -3.356
19.2167 3.050
19.2833 4.579
19.35 1.026
19.4167 -5.170
19.4833 -8.723
19.55 -2.727
19.6167 1.845
19.6833 3.674
19.75 3.065
19.8167 0.726
19.8833 -2.222
19.95 -3.546
20.0167 -1.822
20.0833 -2.741
20.15 -4.880
20.2167 2.126
20.2833 6.389
20.35 7.803
20.4167 9.727
20.4833 4.741
20.55 2.497
20.6167 4.521
20.6833 4.207
20.75 4.502
20.8167 0.325
20.8833 -0.499
20.95 -1.932
21.0167 0.292
21.0833 3.225
21.15 3.111
21.2167 2.996
21.2833 2.372
21.35 9.573
21.4167 8.035
21.4833 6.901
21.55 4.144
21.6167 -2.172
21.6833 -2.186
21.75 2.167
21.8167 7.434
21.8833 4.876
21.95 1.914
22.0167 4.843
22.0833 3.100
22.15 3.285
22.2167 2.252
22.2833 0.608
22.35 4.961
22.4167 3.928
22.4833 8.380
22.55 5.823
22.6167 4.789
22.6833 0.098
22.75 0.893
22.8167 -3.188
22.8833 2.788
22.95 -0.379
23.0167 -0.903
23.0833 9.951
23.15 13.794
23.2167 15.404
23.2833 11.017
23.35 3.483
23.4167 -0.699
23.4833 1.520
23.55 8.821
23.6167 7.688
23.6833 6.454
23.75 6.744
23.8167 5.816
23.8833 8.240
23.95 4.772
24.0167 4.453
24.0833 -0.233
24.15 1.991
24.2167 1.876
24.2833 7.148
24.35 9.677
24.4167 5.400
24.4833 4.576
24.55 1.519
24.6167 -0.725
24.6833 2.009
24.75 -1.758
24.8167 1.485
24.8833 2.800
24.95 8.381
25.0167 5.428
25.0833 2.985
25.15 5.114
25.2167 4.195
25.2833 5.004
25.35 3.780
25.4167 -0.082
25.4833 0.118
25.55 3.266
25.6167 5.400
25.6833 5.500
25.75 4.280
25.8167 4.790
25.8833 2.047
25.95 3.775
26.0167 3.575
26.0833 7.133
26.15 5.409
26.2167 4.600
26.2833 3.995
26.35 6.133
26.4167 9.796
26.4833 4.619
26.55 2.390
26.6167 0.261
26.6833 1.690
26.75 3.019
26.8167 2.009
26.8833 8.215
26.95 4.667
27.0167 7.215
27.0833 8.544
27.15 4.081
27.2167 7.444
27.2833 5.115
27.35 5.124
27.4167 2.696
27.4833 4.839
27.55 3.934
27.6167 2.420
27.6833 3.039
27.75 0.305
27.8167 4.582
27.8833 8.454
27.95 8.464
28.0167 7.559
28.0833 6.859
28.15 2.601
28.2167 -0.132
28.2833 0.082
28.35 2.225
28.4167 2.844
28.4833 6.412
28.55 4.592
28.6167 5.516
28.6833 6.136
28.75 7.364
28.8167 9.103
28.8833 9.722
28.95 1.807
29.0167 -1.436
29.0833 -3.256
29.15 -1.722
29.2167 -1.712
29.2833 -2.822
29.35 -1.188
29.4167 0.955
29.4833 3.503
29.55 3.612
29.6167 4.332
29.6833 2.612
29.75 0.993
29.8167 -2.860
29.8833 -6.308
29.95 -6.808
30.0167 -3.855
30.0833 0.722
30.15 4.894
30.2167 2.156
30.2833 0.232
30.35 -1.592
30.4167 -1.183
30.4833 2.175
30.55 0.451
30.6167 -0.054
30.6833 -2.692
30.75 -2.792
30.8167 0.360
30.8833 -0.554
30.95 3.308
31.0167 3.918
31.0833 2.699
31.15 4.832
31.2167 4.628
31.2833 1.580
31.35 1.780
31.4167 -1.168
31.4833 -1.273
31.55 -0.668
31.6167 -0.164
31.6833 1.356
31.75 5.923
31.8167 7.542
31.8833 4.284
31.95 1.332
32.0167 -0.302
32.0833 -2.545
32.15 -4.484
32.2167 -3.274
32.2833 -2.674
32.35 -0.550
32.4167 3.098
32.4833 5.627
32.55 5.412
32.6167 4.688
32.6833 4.169
32.75 0.702
32.8167 4.955
32.8833 7.888
32.95 6.960
33.0167 3.897
33.0833 2.054
33.15 4.173
33.2167 0.906
33.2833 0.687
33.35 0.772
33.4167 -0.971
33.4833 -0.276
33.55 0.115
33.6167 1.824
33.6833 2.620
33.75 0.267
33.8167 -0.462
33.8833 -0.886
33.95 -2.225
34.0167 -1.025
34.0833 -0.534
34.15 1.480
34.2167 3.800
34.2833 6.424
34.35 1.527
34.4167 0.494
34.4833 -0.540
34.55 0.865
34.6167 1.965
34.6833 2.455
34.75 2.641
34.8167 0.693
34.8833 1.488
34.95 3.098
35.0167 4.198
35.0833 5.198
35.15 4.979
35.2167 6.588
35.2833 5.659
35.35 5.135
35.4167 2.987
35.4833 1.449
35.55 0.215
35.6167 -1.628
35.6833 0.696
35.75 3.325
35.8167 4.125
35.8833 4.215
35.95 4.001
36.0167 0.739
36.0833 -2.624
36.15 -3.853
36.2167 -0.814
36.2833 2.734
36.35 4.758
36.4167 4.648
36.4833 6.267
36.55 5.448
36.6167 2.800
36.6833 0.967
36.75 1.267
36.8167 0.247
36.8833 3.191
36.95 -0.062
37.0167 2.476
37.0833 2.881
37.15 3.491
37.2167 3.186
37.2833 1.867
37.35 2.986
37.4167 2.276
37.4833 1.467
37.55 1.167
37.6167 1.781
37.6833 0.871
37.75 0.267
37.8167 -0.843
37.8833 -0.329
37.95 -0.524
38.0167 0.195
38.0833 4.472
38.15 4.787
38.2167 5.306
38.2833 1.558
38.35 -0.971
38.4167 -0.857
38.4833 -2.571
38.55 -2.761
38.6167 -1.833
38.6833 -1.818
38.75 0.025
38.8167 -2.499
38.8833 -2.585
38.95 1.192
39.0167 1.411
39.0833 3.055
39.15 2.464
39.2167 4.717
39.2833 4.736
39.35 2.927
39.4167 -0.712
39.4833 -2.217
39.55 -0.469
39.6167 1.889
39.6833 1.199
39.75 4.471
39.8167 5.914
39.8833 4.514
39.95 2.300
40.0167 0.595
40.0833 -2.839
40.15 -0.276
40.2167 -0.152
40.2833 2.410
40.35 2.229
40.4167 3.268
40.4833 2.477
40.55 -0.142
40.6167 0.287
40.6833 1.020
40.75 1.449
40.8167 -0.560
40.8833 -0.132
40.95 0.907
41.0167 -0.493
41.0833 0.036
41.15 0.464
41.2167 -1.545
41.2833 -1.321
41.35 -0.183
41.4167 2.075
41.4833 2.604
41.55 4.452
41.6167 2.542
41.6833 0.023
41.75 0.347
41.8167 -0.548
41.95 4.976
42.0167 7.129
42.0833 4.505
42.15 1.881
42.2167 0.476
42.2833 0.900
42.35 -0.709
42.4167 0.424
42.4833 0.644
42.55 -0.561
42.6167 -1.256
42.6833 -0.532
42.75 0.396
42.8167 -0.708
42.8833 -0.899
42.95 -3.123
43.0167 -3.008
43.0833 -3.913
43.15 -3.699
43.2167 -2.470
43.2833 -1.751
43.35 -2.046
43.4167 -1.227
43.4833 0.102
43.55 -0.298
43.6167 0.316
43.6833 -0.593
43.75 0.326
43.8167 0.941
43.8833 -0.988
43.95 -1.493
44.0167 0.236
44.0833 0.745
44.15 -1.388
44.2167 -3.117
44.2833 -3.117
44.35 -3.932
44.4167 -3.427
44.4833 -2.008
44.55 -2.722
44.6167 -3.336
44.6833 -5.170
44.75 -5.480
44.8167 -5.384
44.8833 -4.580
44.95 -3.875
45.0167 -2.156
45.0833 -2.165
45.15 -2.884
45.2167 -2.284
45.2833 -0.365
45.35 0.640
45.4167 -0.184
45.4833 0.211
45.55 -0.208
45.6167 -0.628
45.6833 -1.656
45.75 -2.076
45.8167 -1.785
45.8833 -0.885
45.95 -2.424
46.0167 -2.438
46.0833 -1.133
46.15 -0.743
46.2167 -0.962
46.2833 -0.876
46.35 -1.096
46.4167 0.004
46.4833 -0.824
46.55 -1.248
46.6167 -0.758
46.6833 -0.572
46.75 -2.216
46.8167 -3.554
46.8833 -3.673
46.95 -1.659
47.0167 -0.454
47.0833 1.556
47.15 2.351
47.2167 1.622
47.2833 -1.240
47.35 -1.969
47.4167 -1.684
47.4833 -0.279
47.55 1.431
47.6167 1.921
47.6833 2.616
47.75 2.192
47.8167 0.854
47.8833 -0.280
47.95 0.416
48.0167 0.806
48.0833 1.196
48.15 0.977
48.2167 1.672
48.2833 2.268
48.35 1.644
48.4167 0.105
48.4833 -0.314
48.55 -0.024
48.6167 -1.357
48.6833 -0.557
48.75 1.667
48.8167 2.162
48.8833 2.862
48.95 1.633
49.0167 0.504
49.0833 0.495
49.15 1.604
49.2167 2.509
49.2833 1.790
49.35 0.666
49.4167 -0.358
49.4833 -0.263
49.55 0.037
49.6167 0.132
49.6833 -0.177
49.75 -2.111
49.8167 -3.335
49.8833 -2.930
49.95 -3.645
50.0167 -3.849
50.0833 -4.969
50.15 -6.088
50.2167 -5.478
50.2833 -3.749
50.35 -1.006
50.4167 1.027
50.4833 0.927
50.55 -0.187
50.6167 -1.811
50.6833 -2.111
50.75 -1.701
50.8167 -1.697
50.8833 -1.082
50.95 -0.773
51.0167 -1.477
51.0833 -0.963
51.15 -2.277
51.2167 -3.287
51.2833 -4.397
51.35 -5.101
51.4167 -5.906
51.4833 -6.406
51.55 -5.787
51.6167 -5.373
51.6833 -5.363
51.75 -4.744
51.8167 -3.210
51.8833 -4.420
51.95 -4.410
52.0167 -4.500
52.0833 -4.491
52.15 -4.276
52.2167 -3.352
52.2833 -2.833
52.35 -2.824
52.4167 -2.304
52.4833 -3.309
52.55 -2.485
52.6167 -2.271
52.6833 -2.361
52.75 -4.790
52.8167 -5.490
52.8833 -3.447
52.95 -2.013
53.0167 -0.275
53.0833 -0.570
53.15 -0.051
53.2167 0.164
53.2833 -0.741
53.35 -1.746
53.4167 -2.346
53.4833 -3.960
53.55 -3.341
53.6167 -3.636
53.6833 -2.712
53.75 -2.703
53.8167 -2.998
53.8833 -2.684
53.95 -2.574
54.0167 -2.260
54.0833 -2.455
54.15 -2.345
54.2167 -1.931
54.2833 -2.126
54.35 -2.016
54.4167 -2.212
54.4833 -1.392
54.55 -1.488
54.6167 -1.583
54.6833 -0.459
54.75 -1.064
54.8167 -1.768
54.8833 -1.764
54.95 -1.149
55.0167 -2.264
55.0833 -2.564
55.15 -3.068
55.2167 -2.354
55.2833 -1.540
55.35 -1.944
55.4167 -1.435
55.4833 -1.535
55.55 -1.840
55.6167 -2.449
55.6833 -3.364
55.75 -3.568
55.8167 -3.773
55.8833 -3.064
55.95 -2.559
56.0167 -2.359
56.0833 -1.449
56.15 -2.773
56.2167 -3.997
56.2833 -4.207
56.35 -5.940
56.4167 -7.369
56.4833 -8.188
56.55 -7.079
56.6167 -6.884
56.6833 -5.369
56.75 -4.260
56.8167 -4.779
56.8833 -4.788
56.95 -4.698
57.0167 -4.608
57.0833 -5.127
57.15 -5.851
57.2167 -6.270
57.2833 -5.775
57.35 -4.060
57.4167 -3.770
57.4833 -3.480
57.55 -3.189
57.6167 -2.289
57.6833 -2.813
57.75 -3.947
57.8167 -5.080
57.8833 -6.214
57.95 -6.433
58.0167 -7.162
58.0833 -7.686
58.15 -7.500
58.2167 -7.010
58.2833 -6.010
58.35 -4.605
58.4167 -4.115
58.4833 -4.134
58.55 -4.558
58.6167 -5.287
58.6833 -6.321
58.75 -6.745
58.8167 -6.459
58.8833 -5.664
58.95 -4.869
59.0167 -5.293
59.0833 -3.583
59.15 -2.788
59.2167 -2.602
59.2833 -3.636
59.35 -4.365
59.4167 -5.193
59.4833 -5.008
59.55 -5.532
59.6167 -5.141
59.6833 -5.056
59.75 -4.665
59.8167 -4.275
59.8833 -4.594
59.95 -4.304
60.0167 -4.013
60.0833 -3.723
60.15 -4.142
60.2167 -3.242
60.2833 -4.371
60.35 -4.790
60.4167 -4.090
60.4833 -4.000
60.55 -3.909
60.6167 -4.224
60.6833 -3.929
60.75 -3.633
60.8167 -1.914
60.8833 -2.024
60.95 -2.233
61.0167 -1.833
61.0833 -2.653
61.15 -3.267
61.2167 -4.491
61.2833 -3.886
61.35 -3.686
61.4167 -3.181
61.4833 -3.081
61.55 -2.067
61.6167 -2.067
61.6833 -2.372
61.75 -2.067
61.8167 -3.081
61.8833 -2.877
61.95 -3.077
62.0167 -2.972
62.0833 -2.967
62.15 -1.743
62.2167 -0.824
62.2833 -0.309
62.35 -0.405
62.4167 -1.209
62.4833 -1.405
62.55 -1.395
62.6167 -1.995
62.6833 -2.900
62.75 -2.990
62.8167 -2.776
62.8833 -2.257
62.95 -1.533
63.0167 -1.418
63.0833 -1.404
63.15 -1.999
63.2167 -2.899
63.2833 -3.289
63.35 -4.189
63.4167 -3.765
63.4833 -3.546
63.55 -2.513
63.6167 -1.784
63.6833 -1.055
63.75 -1.645
63.8167 -2.236
63.8833 -3.741
63.95 -3.721
64.0167 -3.093
64.0833 -1.649
64.15 -0.816
64.2167 0.323
64.2833 0.242
64.35 0.466
64.4167 -0.934
64.4833 -2.234
64.55 -3.939
64.6167 -3.715
64.6833 -3.286
64.75 -2.552
64.8167 -2.124
64.8833 -1.390
64.95 -1.876
65.0167 -2.261
65.0833 -3.052
65.15 -3.842
65.2167 -4.328
65.2833 -3.594
65.35 -3.165
65.4167 -2.027
65.4833 -0.684
65.55 0.050
65.6167 -0.640
65.6833 -1.026
65.75 -0.192
65.8167 0.236
65.8833 0.156
65.95 -0.435
66.0167 -0.516
66.0833 -0.192
66.15 -0.882
66.2167 -0.863
66.2833 -0.539
66.35 -0.520
66.4167 0.514
66.4833 -0.281
66.55 -0.772
66.6167 -1.262
66.6833 -2.667
66.75 -3.972
66.8167 -3.448
66.8833 -2.619
66.95 -2.300
67.0167 -1.471
67.0833 -1.456
67.15 -1.037
67.2167 -2.142
67.2833 -3.552
67.35 -3.742
67.4167 -4.137
67.4833 -3.618
67.55 -3.099
67.6167 -2.480
67.6833 -2.165
67.75 -2.360
67.8167 -1.946
67.8833 -2.446
67.95 -3.456
68.0167 -4.465
68.0833 -5.780
68.15 -5.470
68.2167 -5.160
68.2833 -5.360
68.35 -5.256
68.4167 -5.356
68.4833 -5.151
68.55 -4.641
68.6167 -4.946
68.6833 -5.556
68.75 -6.370
68.8167 -7.489
68.8833 -7.389
68.95 -7.189
69.0167 -6.380
69.0833 -6.080
69.15 -5.170
69.2167 -4.565
69.2833 -3.860
69.35 -3.765
69.4167 -4.180
69.4833 -4.594
69.55 -7.752
69.6167 -5.118
69.6833 -4.823
69.75 -4.123
69.8167 -6.571
69.8833 -3.432
69.95 -3.342
70.0167 -4.066
70.0833 -4.280
70.15 -4.395
70.2167 -4.714
70.2833 -4.828
70.35 -5.148
70.4167 -4.552
70.4833 -4.262
70.55 -4.176
70.6167 -3.886
70.6833 -3.191
70.75 -3.105
70.8167 -3.934
70.8833 -3.748
70.95 -4.272
71.0167 -4.187
71.0833 -3.087
71.15 -2.292
71.2167 -2.411
71.2833 -1.920
71.35 -2.040
71.4167 -1.549
71.4833 -1.973
71.55 -2.092
71.6167 -2.212
71.6833 -2.536
71.75 -2.350
71.8167 -1.860
71.8833 -1.064
71.95 -1.184
72.0167 -0.998
72.0833 -1.422
72.15 -1.946
72.2167 -2.065
72.2833 -2.184
72.35 -2.404
72.4167 -1.708
72.4833 -0.913
72.55 -0.828
72.6167 -1.147
72.6833 -1.366
72.75 -1.076
72.8167 -1.295
72.8833 -2.324
72.95 -2.643
73.0167 -2.962
73.0833 -2.467
73.15 -2.581
73.2167 -1.881
73.2833 -1.691
73.35 -1.905
73.4167 -2.425
73.4833 -3.349
73.55 -3.663
73.6167 -3.063
73.6833 -3.377
73.75 -3.792
73.8167 -2.987
73.8833 -3.501
73.95 -4.016
74.0167 -3.921
74.0833 -4.130
74.15 -4.440
74.2167 -4.240
74.2833 -3.940
74.35 -3.130
74.4167 -3.030
74.4833 -3.135
74.55 -3.340
74.6167 -3.645
74.6833 -4.154
74.75 -4.459
74.8167 -4.864
74.8833 -4.964
74.95 -4.149
75.0167 -3.640
75.0833 -3.840
75.15 -2.821
75.2167 -3.021
75.2833 -3.016
75.35 -2.706
75.4167 -3.006
75.4833 -3.001
75.55 -3.401
75.6167 -3.497
75.6833 -3.287
75.75 -2.873
75.8167 -2.763
75.8833 -2.653
75.95 -2.544
76.0167 -1.825
76.0833 -2.120
76.15 -2.110
76.2167 -2.710
76.2833 -2.700
76.35 -2.691
76.4167 -2.072
76.4833 -0.943
76.55 -0.324
76.6167 0.196
76.6833 -0.200
76.75 -1.509
76.8167 -1.904
76.8833 -1.385
76.95 -1.476
77.0167 -0.042
77.0833 0.172
77.15 1.301
77.2167 1.416
77.2833 1.630
77.35 1.540
77.4167 0.840
77.4833 0.140
77.55 0.049
77.6167 0.873
77.6833 1.392
77.75 1.607
77.8167 2.126
77.8833 2.036
77.95 1.336
78.0167 0.431
78.0833 -0.269
78.15 -0.260
78.2167 0.055
78.2833 0.269
78.35 1.193
78.4167 1.203
78.4833 0.703
78.55 -0.202
78.6167 -0.397
78.6833 -0.692
78.75 -0.278
78.8167 0.746
78.8833 1.465
78.95 1.065
79.0167 0.870
79.0833 0.470
79.15 0.375
79.2167 0.584
79.2833 0.284
79.35 -0.320
79.4167 0.294
79.4833 -0.616
79.55 -0.916
79.6167 -0.811
79.6833 -0.706
79.75 -0.501
79.8167 -1.311
79.8833 -1.716
79.95 -2.425
80.0167 -1.511
80.0833 -1.206
80.15 -1.206
80.2167 -0.292
80.2833 0.113
80.35 0.518
80.4167 0.413
80.4833 0.613
80.55 0.508
80.6167 0.099
80.6833 0.399
80.75 0.089
80.8167 -0.730
80.8833 -0.635
80.95 -0.540
81.0167 -0.649
81.0833 -0.859
81.15 -0.564
81.2167 -1.283
81.2833 -1.902
81.35 -2.521
81.4167 -3.040
81.4833 -2.645
81.55 -2.555
81.6167 -2.160
81.6833 -1.664
81.75 -1.474
81.8167 -1.284
81.8833 -2.008
81.95 -1.717
82.0167 -2.341
82.0833 -2.660
82.15 -2.675
82.2167 -2.384
82.2833 -1.994
82.35 -1.908
82.4167 -1.823
82.4833 -2.042
82.55 -2.261
82.6167 -2.990
82.6833 -3.209
82.75 -3.328
82.8167 -3.548
82.8833 -3.362
82.95 -2.872
83.0167 -2.381
83.0833 -2.905
83.15 -2.720
83.2167 -2.229
83.2833 -2.349
83.35 -2.163
83.4167 -2.282
83.4833 -1.892
83.55 -2.011
83.6167 -1.521
83.6833 -1.435
83.75 -0.945
83.8167 -0.554
83.8833 -0.673
83.95 -0.283
84.0167 -0.502
84.0833 -0.417
84.15 -0.431
84.2167 -0.345
84.2833 -0.360
84.35 -0.374
84.4167 0.221
84.4833 -0.098
84.55 0.497
84.6167 0.687
84.6833 -0.037
84.75 -0.556
84.8167 -0.061
84.8833 -0.580
84.95 -0.794
85.0167 -0.499
85.0833 -0.104
85.15 -0.113
85.2167 0.082
85.2833 0.277
85.35 -0.137
85.4167 0.363
85.4833 0.458
85.55 0.858
85.6167 0.853
85.6833 1.153
85.75 1.453
85.8167 1.043
85.8833 1.243
85.95 1.343
86.0167 1.443
86.0833 1.239
86.15 1.239
86.2167 1.139
86.2833 1.139
86.35 1.648
86.4167 1.143
86.4833 0.943
86.55 1.048
86.6167 0.748
86.6833 1.363
86.75 1.267
86.8167 1.782
86.8833 1.687
86.95 1.491
87.0167 1.296
87.0833 1.306
87.15 1.011
87.2167 1.020
87.2833 1.235
87.35 1.449
87.4167 0.954
87.4833 0.459
87.55 0.573
87.6167 0.992
87.6833 0.397
87.75 1.021
87.8167 0.326
87.8833 0.645
87.95 0.864
88.0167 0.983
88.0833 1.507
88.15 1.322
88.2167 0.527
88.2833 1.155
88.35 0.360
88.4167 0.684
88.4833 1.008
88.55 1.027
88.6167 1.047
88.6833 1.880
88.75 1.900
88.8167 1.819
88.8833 2.348
88.95 2.267
89.0167 2.491
89.0833 2.410
89.15 2.534
89.2167 2.148
89.2833 2.677
89.35 3.206
89.4167 3.330
89.4833 3.249
89.55 3.373
89.6167 3.292
89.6833 2.602
89.75 2.116
89.8167 2.340
89.8833 1.650
89.95 1.264
90.0167 1.793
90.0833 2.322
90.15 2.241
90.2167 3.175
90.2833 2.789
90.35 3.113
90.4167 2.828
90.4833 2.847
90.55 2.256
90.6167 2.580
90.6833 2.700
90.75 2.109
90.8167 3.448
90.8833 3.872
90.95 3.786
91.0167 4.210
91.0833 3.820
91.15 3.124
91.2167 2.429
91.2833 2.139
91.35 2.153
91.4167 1.863
91.4833 2.182
91.55 2.296
91.6167 2.106
91.6833 2.525
91.75 2.740
91.8167 2.040
91.8833 1.340
92.0167 0.954
92.0833 0.964
92.15 0.768
92.2167 1.183
92.2833 0.683
92.35 -0.022
92.4167 0.492
92.4833 0.092
92.55 0.402
92.6167 0.102
92.6833 -0.503
92.75 -1.617
92.8167 -1.717
92.8833 -2.222
92.95 -2.932
93.0167 -2.322
93.0833 -2.627
93.15 -2.932
93.2167 -3.236
93.2833 -3.136
93.35 -2.936
93.4167 -2.736
93.4833 -3.146
93.55 -3.251
93.6167 -3.256
93.6833 -3.260
93.75 -3.165
93.8167 -3.375
93.8833 -3.584
93.95 -3.694
94.0167 -3.804
94.0833 -3.508
94.15 -3.618
94.2167 -3.628
94.2833 -3.537
94.35 -3.547
94.4167 -3.152
94.4833 -3.266
94.55 -3.785
94.6167 -3.900
94.6833 -3.404
94.75 -3.824
94.8167 -3.838
94.8833 -4.562
94.95 -3.967
95.0167 -4.481
95.0833 -4.200
95.15 -3.910
95.2167 -4.129
95.2833 -4.348
95.35 -4.872
95.4167 -5.092
95.4833 -4.701
95.55 -4.920
95.6167 -4.430
95.6833 -4.649
95.75 -4.159
95.8167 -3.973
95.8833 -3.278
95.95 -3.092
96.0167 -3.212
96.0833 -3.331
96.15 -3.550
96.2167 -4.584
96.2833 -4.703
96.35 -4.212
96.4167 -4.736
96.4833 -3.941
96.55 -4.060
96.6167 -3.975
96.6833 -4.399
96.75 -4.008
96.8167 -4.228
96.8833 -3.837
96.95 -3.752
97.0167 -3.361
97.0833 -2.766
97.15 -1.766
97.2167 -1.780
97.2833 -1.795
97.35 -1.809
97.4167 -1.314
97.4833 -1.633
97.55 -1.748
97.6167 -1.657
97.6833 -2.076
97.75 -1.681
97.8167 -1.896
97.8833 -2.415
97.95 -1.715
98.0167 -2.029
98.0833 -2.344
98.15 -2.149
98.2167 -2.563
98.2833 -2.673
98.35 -2.782
98.4167 -2.992
98.4833 -2.592
98.55 -2.497
98.6167 -2.501
98.6833 -2.506
98.75 -2.611
98.8167 -2.411
98.8833 -2.516
98.95 -2.316
99.0167 -2.216
99.0833 -2.421
99.15 -2.421
99.2167 -2.725
99.2833 -2.725
99.35 -2.116
99.4167 -2.216
99.4833 -2.316
99.55 -2.821
99.6167 -2.616
99.6833 -2.306
99.75 -1.897
99.8167 -1.282
99.8833 -1.277
99.95 -0.663
100.017 -0.658
100.083 -0.753
100.15 -0.849
100.217 -0.434
100.283 -0.834
100.35 -0.725
100.417 -1.225
100.483 -1.115
100.55 -1.105
100.617 -0.691
100.683 -0.376
100.75 -0.367
100.817 -0.967
100.883 -0.957
100.95 -1.657
101.017 -1.648
101.083 -1.738
101.15 -1.524
101.217 -1.004
101.283 -0.485
101.35 -0.271
101.417 -0.056
101.483 -0.147
101.55 -0.237
101.617 -0.732
101.683 -1.128
101.75 -1.218
101.817 -1.408
101.883 -1.499
101.95 -0.370
102.017 -0.765
102.083 -0.651
102.15 -1.046
102.217 -1.136
102.283 -1.227
102.35 -1.317
102.417 -0.798
102.483 -0.584
102.55 -0.879
102.617 -0.360
102.683 0.869
102.75 0.169
102.817 0.179
102.883 0.188
102.95 0.198
103.017 0.208
103.083 0.012
103.15 -0.283
103.217 -0.478
103.283 -0.368
103.35 -0.868
103.417 -0.759
103.483 -0.854
103.55 -1.254
103.617 -1.044
103.683 -0.835
103.75 -1.235
103.817 -0.925
103.883 -1.225
103.95 -1.220
104.017 -1.216
104.083 -0.806
104.15 -1.006
104.217 -1.511
104.283 -1.611
104.35 -1.201
104.417 -1.911
104.483 -2.216
104.55 -1.401
104.617 -1.706
104.683 -2.316
104.75 -2.520
104.817 -2.725
104.883 -3.540
104.95 -3.340
105.017 -3.849
105.083 -3.549
105.15 -4.568
105.217 -4.268
105.283 -4.273
105.35 -4.278
105.417 -4.488
105.483 -5.307
105.55 -5.112
105.617 -5.016
105.683 -5.126
105.75 -5.136
105.817 -4.940
105.883 -4.950
105.95 -5.469
106.017 -5.479
106.083 -5.084
106.15 -4.993
106.217 -5.208
106.283 -4.712
106.35 -4.927
106.417 -5.041
106.483 -4.446
106.55 -4.865
106.617 -3.965
106.683 -4.284
106.75 -4.399
106.817 -4.923
106.883 -4.937
106.95 -4.952
107.017 -4.561
107.083 -3.866
107.15 -3.880
107.217 -3.795
107.283 -3.709
107.35 -3.624
107.417 -3.538
107.483 -3.757
107.55 -3.976
107.617 -3.791
107.683 -4.010
107.75 -4.229
107.817 -4.144
107.883 -3.753
107.95 -4.277
108.017 -4.497
108.083 -4.411
108.15 -4.630
108.217 -4.240
108.283 -3.340
108.35 -3.254
108.417 -2.559
108.483 -2.878
108.55 -2.588
108.617 -2.602
108.683 -2.617
108.75 -2.631
108.817 -3.050
108.883 -2.760
108.95 -3.179
109.017 -3.293
109.083 -2.493
109.15 -2.708
109.217 -2.313
109.283 -2.832
109.35 -2.437
109.417 -2.956
109.483 -2.965
109.55 -2.670
109.617 -2.475
109.683 -2.485
109.75 -2.289
109.817 -2.499
109.883 -2.609
109.95 -2.309
110.017 -2.213
110.083 -2.218
110.15 -2.223
110.217 -2.533
110.283 -2.942
110.35 -3.047
110.417 -2.947
110.483 -2.847
110.55 -2.442
110.617 -2.747
110.683 -2.747
110.75 -3.457
110.817 -3.252
110.883 -2.742
110.95 -2.333
111.017 -2.533
111.083 -2.123
111.15 -1.813
111.217 -2.213
111.283 -1.599
111.35 -1.694
111.417 -1.585
111.483 -1.475
111.55 -1.365
111.617 -1.256
111.683 -1.551
111.75 -1.946
111.817 -1.937
111.95 -1.508
112.083 -1.889
112.15 -1.469
112.217 -1.760
112.283 -1.950
112.35 -2.036
112.417 -2.021
112.483 -1.802
112.55 -1.483
112.617 -1.264
112.683 -1.145
112.75 -0.925
112.817 -0.501
112.883 -0.687
112.95 -0.873
113.017 -0.449
113.083 -0.734
113.15 -0.715
113.217 -0.291
113.283 0.033
113.35 0.357
113.417 0.376
113.483 0.091
113.55 -0.295
113.617 0.029
113.683 0.048
113.75 0.272
113.817 0.596
113.883 0.516
113.95 0.535
114.017 0.454
114.083 0.473
114.15 0.697
114.217 0.107
114.283 -0.179
114.35 -0.160
114.417 -0.850
114.483 0.084
114.55 -0.202
114.617 0.222
114.683 -0.368
114.75 -0.349
114.817 0.075
114.883 -0.211
114.95 -0.092
115.017 0.028
115.083 -0.158
115.15 -0.548
115.217 -1.039
115.283 -0.515
115.35 -1.210
115.417 -0.991
115.483 -0.976
115.55 -1.367
115.617 -1.352
115.683 -1.338
115.75 -1.833
115.817 -2.428
115.883 -2.314
115.95 -1.895
116.017 -2.595
116.083 -2.380
116.15 -2.776
116.217 -2.561
116.283 -2.956
116.35 -3.861
116.417 -3.547
116.483 -3.132
116.55 -3.328
116.617 -2.913
116.683 -3.108
116.75 -3.813
116.817 -3.908
116.883 -3.599
116.95 -4.304
117.017 -3.894
117.083 -3.889
117.15 -4.394
117.217 -7.947
117.283 -8.047
117.35 -7.637
117.417 -7.637
117.483 -7.432
117.55 -6.823
117.617 -6.213
117.683 -6.418
117.75 -6.623
117.817 -6.118
117.883 -6.628
117.95 -6.732
118.017 -6.432
118.083 -6.437
118.15 -6.442
118.217 -5.532
118.283 -5.742
118.35 -5.952
118.417 -6.061
118.483 -5.256
118.55 -5.061
118.617 -5.171
118.683 -5.180
118.75 -5.495
118.817 -5.200
118.883 -5.719
118.95 -5.324
119.017 -5.128
119.083 -4.738
119.15 -4.038
119.217 -3.543
119.283 -3.352
119.35 -3.976
119.417 -4.091
119.483 -4.715
119.55 -4.424
119.617 -4.744
119.683 -4.148
119.75 -4.163
119.817 -4.382
119.883 -4.092
119.95 -3.701
120.217 -3.359
120.283 -3.578
120.35 -3.797
120.417 -3.612
120.483 -3.526
120.55 -3.136
120.617 -2.340
120.683 -2.864
120.75 -3.388
120.817 -3.303
120.883 -2.912
120.95 -3.032
121.017 -3.251
121.083 -3.470
121.15 -3.689
121.217 -3.704
121.283 -3.313
121.35 -3.228
121.417 -3.242
121.483 -3.256
121.55 -3.476
121.617 -3.490
121.683 -3.300
121.75 -3.314
121.817 -2.719
121.883 -3.138
121.95 -3.252
122.017 -3.062
122.083 -2.872
122.15 -3.391
122.217 -2.996
122.283 -3.210
122.35 -3.120
122.417 -2.825
122.483 -2.834
122.55 -3.149
122.617 -3.158
122.683 -3.268
122.75 -3.073
122.817 -2.977
122.883 -3.087
122.95 -3.601
123.017 -3.811
123.083 -3.816
123.15 -4.125
123.217 -3.521
123.283 -3.625
123.35 -4.035
123.417 -4.140
123.483 -4.854
123.55 -5.059
123.617 -4.959
123.683 -4.349
123.75 -4.045
123.817 -3.130
123.883 -3.435
123.95 -3.230
124.017 -3.635
124.083 -3.430
124.15 -3.935
124.217 -4.135
124.283 -4.335
124.35 -4.330
124.417 -4.630
124.483 -4.016
124.55 -3.706
124.617 -3.192
124.683 -3.592
124.75 -2.773
124.817 -3.173
124.883 -3.368
124.95 -3.158
125.017 -3.353
125.083 -3.953
125.15 -2.929
125.217 -3.225
125.283 -2.505
125.35 -2.496
125.417 -1.976
125.483 -2.272
125.55 -1.652
125.617 -1.438
125.683 -1.733
125.75 -2.128
125.817 -1.914
125.883 -2.309
125.95 -2.095
126.017 -1.880
126.083 -1.971
126.15 -2.366
126.217 -2.152
126.283 -1.937
126.35 -2.028
126.417 -1.608
126.483 -2.308
126.55 -2.704
126.617 -1.880
126.683 -1.665
126.75 -2.060
126.817 -1.541
126.883 -1.327
126.95 -2.027
127.017 -2.017
127.083 -1.498
127.15 -1.488
127.217 -1.884
127.283 -2.788
127.35 -2.779
127.417 -3.074
127.483 -2.455
127.55 -2.345
127.617 -2.336
127.683 -2.531
127.75 -3.031
127.817 -3.226
127.883 -3.421
127.95 -3.212
128.017 -3.407
128.083 -3.502
128.15 -3.597
128.217 -3.592
128.283 -3.688
128.35 -3.683
128.417 -3.678
128.483 -3.064
128.55 -2.654
128.617 -3.259
128.683 -3.764
128.75 -4.168
128.817 -4.064
128.883 -4.468
128.95 -4.873
129.017 -4.668
129.083 -4.668
129.15 -4.973
129.217 -5.278
129.283 -5.583
129.35 -5.483
129.417 -5.688
129.483 -5.588
129.55 -5.388
129.617 -5.188
129.683 -5.597
129.75 -5.702
129.817 -5.707
129.883 -6.016
129.95 -6.631
130.017 -7.145
130.083 -7.050
130.15 -6.955
130.217 -6.760
130.283 -7.579
130.35 -7.688
130.417 -8.103
130.483 -7.503
130.55 -7.512
130.617 -7.522
130.683 -7.227
130.75 -7.236
130.817 -7.451
130.883 -7.360
130.95 -7.575
131.017 -7.080
131.083 -6.684
131.15 -6.189
131.217 -5.999
131.283 -6.113
131.35 -6.532
131.417 -6.647
131.483 -6.661
131.55 -6.471
131.617 -6.180
131.683 -6.500
131.75 -6.919
131.817 -6.933
131.883 -6.338
131.95 -6.048
132.017 -5.757
132.083 -5.772
132.15 -5.786
132.217 -5.800
132.283 -5.410
132.35 -4.815
132.417 -4.525
132.483 -4.234
132.55 -4.553
132.617 -4.668
132.683 -4.682
132.75 -4.087
132.817 -4.406
132.883 -4.216
132.95 -4.330
133.017 -3.735
133.083 -3.545
133.15 -3.049
133.217 -3.164
133.283 -3.378
133.35 -3.797
133.417 -3.707
133.483 -3.821
133.55 -4.341
133.617 -4.045
133.683 -3.955
133.75 -3.965
133.817 -3.669
133.883 -3.679
133.95 -3.384
134.017 -3.189
134.083 -3.298
134.15 -3.408
134.217 -3.213
134.283 -3.422
134.35 -3.632
134.417 -3.637
134.483 -3.846
134.55 -3.546
134.617 -3.651
134.683 -3.656
134.75 -3.456
134.817 -3.561
134.883 -3.461
134.95 -3.361
135.017 -3.565
135.083 -3.565
135.15 -3.565
135.217 -3.970
135.283 -4.275
135.35 -3.865
135.417 -3.965
135.483 -4.165
135.55 -3.756
135.617 -4.056
135.683 -3.951
135.75 -4.046
135.817 -3.737
135.883 -3.832
135.95 -3.722
136.017 -3.817
136.083 -3.708
136.15 -4.208
136.217 -3.893
136.283 -4.189
136.35 -4.484
136.417 -4.269
136.483 -4.260
136.55 -4.450
136.617 -3.931
136.683 -4.121
136.75 -3.907
136.817 -3.893
136.883 -4.083
136.95 -4.069
137.017 -4.259
137.083 -4.345
137.15 -4.330
137.217 -4.011
137.283 -3.792
137.35 -4.487
137.417 -4.573
137.483 -4.353
137.55 -4.134
137.617 -4.320
137.683 -4.405
137.75 -4.591
137.817 -4.776
137.883 -4.962
137.95 -5.352
138.017 -5.233
138.083 -5.519
138.15 -5.704
138.217 -5.585
138.283 -5.466
138.35 -5.347
138.417 -5.023
138.483 -4.904
138.55 -4.784
138.617 -4.970
138.683 -4.546
138.75 -5.341
138.817 -5.222
138.883 -5.103
138.95 -4.984
139.017 -5.169
139.083 -5.050
139.15 -5.136
139.217 -5.321
139.283 -5.407
139.35 -5.188
139.417 -4.968
139.483 -5.054
139.55 -4.835
139.617 -4.516
139.683 -4.906
139.75 -4.892
139.817 -4.268
139.883 -4.253
139.95 -3.834
140.017 -3.820
140.083 -4.010
140.15 -4.505
140.217 -4.291
140.283 -4.481
140.35 -4.876
140.417 -4.357
140.483 -4.143
140.55 -3.828
140.617 -3.819
140.683 -3.809
140.75 -3.495
140.817 -3.995
140.883 -3.580
140.95 -3.776
141.017 -3.666
141.083 -3.152
141.15 -3.247
141.217 -3.547
141.283 -3.947
141.35 -3.637
141.417 -3.837
141.483 -3.832
141.55 -3.423
141.617 -3.013
141.683 -3.418
141.75 -3.823
141.817 -3.618
141.883 -4.328
141.95 -4.632
142.017 -4.632
142.083 -4.837
142.15 -4.532
