0.000000 3.000000E-02 1.000000E+00 2.236068E+02
0.186499 3.102432E-02 1.034144E+00 2.273922E+02
0.366341 3.204507E-02 1.068169E+00 2.311027E+02
0.543314 3.308237E-02 1.102746E+00 2.348133E+02
0.717507 3.413609E-02 1.137870E+00 2.385236E+02
0.889007 3.520635E-02 1.173545E+00 2.422339E+02
1.057897 3.629302E-02 1.209767E+00 2.459438E+02
1.224254 3.739617E-02 1.246539E+00 2.496537E+02
1.388154 3.851588E-02 1.283863E+00 2.533636E+02
1.549667 3.965200E-02 1.321733E+00 2.570733E+02
1.708863 4.080462E-02 1.360154E+00 2.607829E+02
1.865805 4.197382E-02 1.399127E+00 2.644927E+02
2.020561 4.315956E-02 1.438652E+00 2.682025E+02
2.173187 4.436175E-02 1.478725E+00 2.719122E+02
2.323741 4.558037E-02 1.519346E+00 2.756216E+02
2.472281 4.681541E-02 1.560514E+00 2.793307E+02
2.618858 4.806704E-02 1.602235E+00 2.830402E+02
2.763524 4.933510E-02 1.644503E+00 2.867494E+02
2.906327 5.061973E-02 1.687324E+00 2.904586E+02
3.047316 5.192084E-02 1.730695E+00 2.941679E+02
3.186535 5.323837E-02 1.774612E+00 2.978768E+02
3.324029 5.457244E-02 1.819081E+00 3.015859E+02
3.459844 5.592304E-02 1.864101E+00 3.052950E+02
3.594017 5.728995E-02 1.909665E+00 3.090036E+02
3.726584 5.867349E-02 1.955783E+00 3.127126E+02
3.857586 6.007355E-02 2.002452E+00 3.164216E+02
3.987062 6.149001E-02 2.049667E+00 3.201302E+02
4.115045 6.292306E-02 2.097435E+00 3.238391E+02
4.241573 6.437245E-02 2.145748E+00 3.275476E+02
4.366672 6.583846E-02 2.194616E+00 3.312564E+02
4.490373 6.732087E-02 2.244029E+00 3.349648E+02
4.612715 6.881974E-02 2.293991E+00 3.386732E+02
4.733712 7.033487E-02 2.344496E+00 3.423810E+02
4.853413 7.186675E-02 2.395558E+00 3.460894E+02
4.971835 7.341504E-02 2.447168E+00 3.497977E+02
5.089008 7.497985E-02 2.499328E+00 3.535059E+02
5.204956 7.656121E-02 2.552040E+00 3.572143E+02
5.319707 7.815897E-02 2.605299E+00 3.609224E+02
5.433280 7.977334E-02 2.659111E+00 3.646307E+02
5.545704 8.140417E-02 2.713472E+00 3.683390E+02
5.657007 8.305132E-02 2.768377E+00 3.720468E+02
5.767204 8.471503E-02 2.823834E+00 3.757549E+02
5.876305 8.639520E-02 2.879840E+00 3.794628E+02
5.984356 8.809190E-02 2.936397E+00 3.831707E+02
6.091368 8.980521E-02 2.993507E+00 3.868790E+02
6.197350 9.153487E-02 3.051162E+00 3.905869E+02
6.302335 9.328069E-02 3.109356E+00 3.942940E+02
6.406333 9.504326E-02 3.168109E+00 3.980018E+02
6.509373 9.682250E-02 3.227417E+00 4.017098E+02
6.611464 9.861808E-02 3.287269E+00 4.054176E+02
6.712620 1.004303E-01 3.347677E+00 4.091257E+02
6.812860 1.022587E-01 3.408624E+00 4.128331E+02
6.912205 1.041040E-01 3.470132E+00 4.165413E+02
7.010672 1.059657E-01 3.532188E+00 4.202492E+02
7.108271 1.078436E-01 3.594788E+00 4.239568E+02
7.205021 1.097382E-01 3.657940E+00 4.276646E+02
7.300937 1.116489E-01 3.721629E+00 4.313716E+02
7.396023 1.135762E-01 3.785872E+00 4.350788E+02
7.490303 1.155202E-01 3.850672E+00 4.387865E+02
7.583792 1.174806E-01 3.916021E+00 4.424942E+02
7.676494 1.194576E-01 3.981920E+00 4.462018E+02
7.768433 1.214510E-01 4.048368E+00 4.499093E+02
7.859618 1.234606E-01 4.115355E+00 4.536163E+02
7.950060 1.254871E-01 4.182904E+00 4.573240E+02
8.039766 1.275301E-01 4.251003E+00 4.610316E+02
8.128744 1.295896E-01 4.319654E+00 4.647394E+02
8.217016 1.316652E-01 4.388840E+00 4.684464E+02
8.304611 1.337577E-01 4.458591E+00 4.721542E+02
8.391510 1.358660E-01 4.528867E+00 4.758607E+02
8.477732 1.379911E-01 4.599703E+00 4.795677E+02
8.563295 1.401327E-01 4.671090E+00 4.832747E+02
8.648201 1.422906E-01 4.743020E+00 4.869814E+02
8.732458 1.444648E-01 4.815494E+00 4.906880E+02
8.816076 1.466562E-01 4.888540E+00 4.943955E+02
8.899075 1.488634E-01 4.962113E+00 4.981021E+02
8.981462 1.510872E-01 5.036241E+00 5.018088E+02
9.063250 1.533275E-01 5.110917E+00 5.055154E+02
9.144426 1.555841E-01 5.186135E+00 5.092216E+02
9.225021 1.578573E-01 5.261908E+00 5.129283E+02
9.305035 1.601469E-01 5.338229E+00 5.166348E+02
9.384476 1.624533E-01 5.415109E+00 5.203417E+02
9.463345 1.647763E-01 5.492544E+00 5.240489E+02
9.541660 1.671157E-01 5.570522E+00 5.277557E+02
9.619432 1.694716E-01 5.649052E+00 5.314626E+02
9.696661 1.718439E-01 5.728130E+00 5.351696E+02
9.773355 1.742328E-01 5.807761E+00 5.388766E+02
9.849525 1.766381E-01 5.887936E+00 5.425835E+02
9.925180 1.790599E-01 5.968665E+00 5.462904E+02
10.000330 1.814988E-01 6.049961E+00 5.499983E+02
10.074955 1.839538E-01 6.131793E+00 5.537053E+02
10.149103 1.864247E-01 6.214155E+00 5.574115E+02
10.222727 1.889124E-01 6.297075E+00 5.611182E+02
10.295874 1.914167E-01 6.380553E+00 5.648251E+02
10.368544 1.939370E-01 6.464561E+00 5.685312E+02
10.440737 1.964734E-01 6.549108E+00 5.722369E+02
10.512463 1.990264E-01 6.634207E+00 5.759427E+02
10.583750 2.015966E-01 6.719876E+00 5.796493E+02
10.654560 2.041829E-01 6.806085E+00 5.833555E+02
10.724941 2.067856E-01 6.892843E+00 5.870618E+02
10.794865 2.094049E-01 6.980146E+00 5.907677E+02
10.864349 2.120405E-01 7.067999E+00 5.944737E+02
10.933405 2.146919E-01 7.156376E+00 5.981787E+02
11.002031 2.173605E-01 7.245325E+00 6.018845E+02
11.070238 2.200450E-01 7.334800E+00 6.055893E+02
11.138025 2.227466E-01 7.424854E+00 6.092955E+02
11.205402 2.254649E-01 7.515457E+00 6.130015E+02
11.272369 2.281996E-01 7.606605E+00 6.167073E+02
11.338936 2.309509E-01 7.698307E+00 6.204131E+02
11.405102 2.337186E-01 7.790557E+00 6.241191E+02
11.470877 2.365027E-01 7.883352E+00 6.278248E+02
11.536270 2.393032E-01 7.976697E+00 6.315307E+02
11.601273 2.421203E-01 8.070589E+00 6.352362E+02
11.665894 2.449539E-01 8.165033E+00 6.389419E+02
11.730143 2.478031E-01 8.259997E+00 6.426465E+02
11.794029 2.506701E-01 8.355552E+00 6.463526E+02
11.857553 2.535528E-01 8.451629E+00 6.500576E+02
11.920725 2.564531E-01 8.548293E+00 6.537641E+02
11.983534 2.593682E-01 8.645451E+00 6.574685E+02
12.045990 2.623006E-01 8.743180E+00 6.611736E+02
12.108084 2.652501E-01 8.841487E+00 6.648798E+02
12.169844 2.682149E-01 8.940303E+00 6.685846E+02
12.231251 2.711954E-01 9.039639E+00 6.722883E+02
12.292324 2.741927E-01 9.139531E+00 6.759921E+02
12.353064 2.772067E-01 9.239980E+00 6.796962E+02
12.413479 2.802370E-01 9.340976E+00 6.834003E+02
12.473560 2.832834E-01 9.442507E+00 6.871038E+02
12.533327 2.863461E-01 9.544579E+00 6.908071E+02
12.592770 2.894285E-01 9.647300E+00 6.945136E+02
12.651897 2.925268E-01 9.750553E+00 6.982197E+02
12.710711 2.956408E-01 9.854325E+00 7.019244E+02
12.769199 2.987703E-01 9.958609E+00 7.056277E+02
12.827393 3.019173E-01 1.006347E+01 7.093320E+02
12.885271 3.050801E-01 1.016886E+01 7.130349E+02
12.942844 3.082590E-01 1.027477E+01 7.167371E+02
13.000122 3.114557E-01 1.038126E+01 7.204399E+02
13.057095 3.146677E-01 1.048826E+01 7.241407E+02
13.113781 3.178968E-01 1.059581E+01 7.278415E+02
13.170172 3.211427E-01 1.070392E+01 7.315419E+02
13.226276 3.244049E-01 1.081254E+01 7.352408E+02
13.282095 3.276848E-01 1.092173E+01 7.389395E+02
13.337627 3.309812E-01 1.103146E+01 7.426375E+02
13.392883 3.342934E-01 1.114170E+01 7.463342E+02
13.447863 3.376230E-01 1.125248E+01 7.500287E+02
13.502556 3.409698E-01 1.136382E+01 7.537234E+02
13.556992 3.443345E-01 1.147571E+01 7.574169E+02
13.611160 3.477168E-01 1.158816E+01 7.611100E+02
13.665071 3.511158E-01 1.170115E+01 7.648017E+02
13.718716 3.545336E-01 1.181470E+01 7.684924E+02
13.772121 3.579682E-01 1.192879E+01 7.721820E+02
13.825241 3.614208E-01 1.204343E+01 7.758707E+02
13.878122 3.648904E-01 1.215860E+01 7.795572E+02
13.930765 3.683774E-01 1.227429E+01 7.832415E+02
13.983122 3.718818E-01 1.239054E+01 7.869252E+02
14.035240 3.754041E-01 1.250734E+01 7.906080E+02
14.087120 3.789444E-01 1.262470E+01 7.942897E+02
14.138762 3.825027E-01 1.274263E+01 7.979714E+02
14.190165 3.860781E-01 1.286109E+01 8.016517E+02
14.241329 3.896706E-01 1.298011E+01 8.053322E+02
14.292255 3.932811E-01 1.309969E+01 8.090125E+02
14.342981 3.969070E-01 1.321979E+01 8.126916E+02
14.393478 4.005510E-01 1.334047E+01 8.163716E+02
14.443737 4.042099E-01 1.346164E+01 8.200493E+02
14.493757 4.078867E-01 1.358339E+01 8.237283E+02
14.543558 4.115796E-01 1.370569E+01 8.274078E+02
14.593149 4.152896E-01 1.382852E+01 8.310857E+02
14.642502 4.190171E-01 1.395193E+01 8.347646E+02
14.691664 4.227617E-01 1.407587E+01 8.384418E+02
14.740587 4.265240E-01 1.420032E+01 8.421162E+02
14.789272 4.303062E-01 1.432533E+01 8.457879E+02
14.837767 4.341083E-01 1.445086E+01 8.494548E+02
14.886023 4.379314E-01 1.457689E+01 8.531149E+02
14.934040 4.417781E-01 1.470347E+01 8.567681E+02
14.981857 4.456500E-01 1.483053E+01 8.604099E+02
15.029446 4.495492E-01 1.495810E+01 8.640392E+02
15.076805 4.534794E-01 1.508618E+01 8.676530E+02
15.123964 4.574437E-01 1.521473E+01 8.712463E+02
15.170904 4.614462E-01 1.534379E+01 8.748182E+02
15.217644 4.654920E-01 1.547339E+01 8.783651E+02
15.264183 4.695851E-01 1.560353E+01 8.818837E+02
15.310522 4.737274E-01 1.573415E+01 8.853696E+02
15.356651 4.779249E-01 1.586528E+01 8.888197E+02
15.402571 4.821795E-01 1.599690E+01 8.922304E+02
15.448290 4.864962E-01 1.612903E+01 8.955999E+02
15.493809 4.908770E-01 1.626161E+01 8.989237E+02
15.539127 4.953233E-01 1.639469E+01 9.022033E+02
15.584255 4.998378E-01 1.652827E+01 9.054378E+02
15.629183 5.044199E-01 1.666236E+01 9.086281E+02
15.673910 5.090643E-01 1.679690E+01 9.117767E+02
15.718447 5.137691E-01 1.693191E+01 9.148871E+02
15.762783 5.185300E-01 1.706741E+01 9.179653E+02
15.806929 5.233391E-01 1.720335E+01 9.210157E+02
15.850883 5.281920E-01 1.733978E+01 9.240455E+02
15.894648 5.330779E-01 1.747666E+01 9.270616E+02
15.938240 5.379915E-01 1.761406E+01 9.300739E+02
15.981651 5.429227E-01 1.775191E+01 9.330858E+02
16.024883 5.478655E-01 1.789028E+01 9.361075E+02
16.067932 5.528154E-01 1.802913E+01 9.391398E+02
16.110809 5.577729E-01 1.816853E+01 9.421860E+02
16.153534 5.627401E-01 1.830843E+01 9.452416E+02
16.196106 5.677261E-01 1.844886E+01 9.483000E+02
16.238506 5.727426E-01 1.858978E+01 9.513494E+02
16.280754 5.778130E-01 1.873119E+01 9.543714E+02
16.322849 5.829651E-01 1.887321E+01 9.573488E+02
16.364792 5.882351E-01 1.901576E+01 9.602487E+02
16.406601 5.936679E-01 1.915884E+01 9.630373E+02
16.448277 5.993209E-01 1.930253E+01 9.656729E+02
16.489780 6.052552E-01 1.944669E+01 9.681043E+02
16.531094 6.115394E-01 1.959125E+01 9.702764E+02
16.572216 6.182445E-01 1.973607E+01 9.721342E+02
16.613129 6.254495E-01 1.988118E+01 9.736251E+02
16.653831 6.332299E-01 2.002658E+01 9.747016E+02
16.694344 6.416610E-01 2.017223E+01 9.753188E+02
16.734665 6.508111E-01 2.031809E+01 9.754409E+02
16.774776 6.607476E-01 2.046416E+01 9.750383E+02
16.814697 6.715316E-01 2.061038E+01 9.740884E+02
16.854427 6.832224E-01 2.075674E+01 9.725765E+02
16.893967 6.958799E-01 2.090326E+01 9.704933E+02
16.933315 7.095501E-01 2.104990E+01 9.678414E+02
16.972473 7.242677E-01 2.119658E+01 9.646323E+02
17.011345 7.400240E-01 2.134295E+01 9.608975E+02
17.049911 7.568290E-01 2.148886E+01 9.566657E+02
17.088192 7.747345E-01 2.163437E+01 9.519484E+02
17.126148 7.938348E-01 2.177921E+01 9.467225E+02
17.163818 8.142824E-01 2.192361E+01 9.409578E+02
17.201221 8.362421E-01 2.206750E+01 9.346149E+02
17.238415 8.598971E-01 2.221112E+01 9.276685E+02
17.275436 8.854153E-01 2.235443E+01 9.201015E+02
17.312191 9.128780E-01 2.249718E+01 9.119422E+02
17.348145 9.419187E-01 2.263703E+01 9.033547E+02
17.383240 9.724787E-01 2.277392E+01 8.944237E+02
17.417648 1.004589E+00 2.290836E+01 8.852083E+02
17.451714 1.038579E+00 2.304165E+01 8.756682E+02
17.486122 1.075485E+00 2.317637E+01 8.655436E+02
17.520550 1.115613E+00 2.331106E+01 8.547731E+02
17.554176 1.157969E+00 2.344263E+01 8.437298E+02
17.586926 1.202062E+00 2.357070E+01 8.326349E+02
17.618416 1.247373E+00 2.369365E+01 8.216361E+02
17.648647 1.294062E+00 2.381161E+01 8.106935E+02
17.678116 1.342902E+00 2.392628E+01 7.996478E+02
17.707508 1.394631E+00 2.404038E+01 7.884194E+02
17.737740 1.450584E+00 2.415714E+01 7.768190E+02
17.768963 1.511708E+00 2.427733E+01 7.647379E+02
17.800568 1.577266E+00 2.439850E+01 7.524128E+02
17.831734 1.645743E+00 2.451728E+01 7.401792E+02
17.862156 1.716455E+00 2.463231E+01 7.281730E+02
17.891548 1.789193E+00 2.474290E+01 7.164201E+02
17.920368 1.865216E+00 2.485041E+01 7.047169E+02
17.949074 1.946322E+00 2.495649E+01 6.928221E+02
17.977875 2.034450E+00 2.506208E+01 6.805173E+02
18.006695 2.130168E+00 2.516649E+01 6.678229E+02
18.035038 2.231987E+00 2.526777E+01 6.550382E+02
18.062962 2.340960E+00 2.536626E+01 6.421036E+02
18.090637 2.458961E+00 2.546222E+01 6.288776E+02
18.118237 2.588712E+00 2.555605E+01 6.151733E+02
18.145836 2.732177E+00 2.564795E+01 6.009576E+02
18.173512 2.890060E+00 2.573780E+01 5.863591E+02
18.200901 3.057910E+00 2.582431E+01 5.719551E+02
18.227985 3.232069E+00 2.590708E+01 5.581151E+02
18.253754 3.404347E+00 2.598329E+01 5.454097E+02
18.278587 3.575612E+00 2.605417E+01 5.336390E+02
18.302696 3.751822E+00 2.612050E+01 5.222831E+02
18.326138 3.935824E+00 2.618233E+01 5.111355E+02
18.348854 4.123412E+00 2.623975E+01 5.004687E+02
18.370903 4.311377E+00 2.629288E+01 4.904285E+02
18.392208 4.497592E+00 2.634181E+01 4.810622E+02
18.412846 4.681971E+00 2.638673E+01 4.722988E+02
18.433006 4.864878E+00 2.642842E+01 4.640671E+02
18.453129 5.048727E+00 2.646757E+01 4.562142E+02
18.473728 5.240495E+00 2.650519E+01 4.484255E+02
18.495758 5.451755E+00 2.654264E+01 4.402725E+02
18.517941 5.669609E+00 2.657718E+01 4.322928E+02
18.539246 5.886019E+00 2.660744E+01 4.247544E+02
18.560646 6.110991E+00 2.663472E+01 4.172899E+02
18.581417 6.335902E+00 2.665807E+01 4.101759E+02
18.601730 6.563911E+00 2.667810E+01 4.032917E+02
18.621929 6.798356E+00 2.669492E+01 3.965266E+02
18.642071 7.030143E+00 2.670851E+01 3.901335E+02
18.660744 7.231638E+00 2.671848E+01 3.848035E+02
18.679436 7.436515E+00 2.672590E+01 3.795713E+02
18.698128 7.661125E+00 2.673057E+01 3.740310E+02
18.716934 7.911631E+00 2.673223E+01 3.680847E+02
18.736332 8.208013E+00 2.673046E+01 3.613541E+02
18.756836 8.563861E+00 2.672411E+01 3.536829E+02
18.778160 8.967609E+00 2.671192E+01 3.454716E+02
18.798321 9.369312E+00 2.669482E+01 3.377682E+02
18.817261 9.760816E+00 2.667362E+01 3.306621E+02
18.835838 1.014213E+01 2.664786E+01 3.240734E+02
18.854836 1.051474E+01 2.661656E+01 3.179057E+02
18.874119 1.088423E+01 2.657981E+01 3.120316E+02
18.893459 1.124890E+01 2.653789E+01 3.064481E+02
18.913372 1.162846E+01 2.648970E+01 3.008579E+02
18.932789 1.201319E+01 2.643755E+01 2.954185E+02
18.952339 1.242969E+01 2.637957E+01 2.897899E+02
18.971889 1.288149E+01 2.631570E+01 2.839732E+02
18.990829 1.335543E+01 2.624759E+01 2.781673E+02
19.009598 1.384145E+01 2.617390E+01 2.724729E+02
19.026974 1.430799E+01 2.609980E+01 2.672350E+02
19.044216 1.478419E+01 2.602042E+01 2.620965E+02
19.061440 1.526632E+01 2.593530E+01 2.570808E+02
19.079178 1.576920E+01 2.584127E+01 2.520314E+02
19.097107 1.629853E+01 2.573979E+01 2.469314E+02
19.115513 1.686281E+01 2.562860E+01 2.417161E+02
19.133919 1.743871E+01 2.550995E+01 2.365909E+02
19.151428 1.797731E+01 2.539012E+01 2.319252E+02
19.168480 1.851548E+01 2.526675E+01 2.274194E+02
19.185570 1.906820E+01 2.513642E+01 2.229432E+02
19.203346 1.964350E+01 2.499345E+01 2.184049E+02
19.222095 2.022772E+01 2.483495E+01 2.138629E+02
19.239891 2.077519E+01 2.467690E+01 2.096833E+02
19.255360 2.123886E+01 2.453386E+01 2.061797E+02
19.270561 2.169794E+01 2.438791E+01 2.027734E+02
19.286621 2.217457E+01 2.422819E+01 1.992686E+02
19.303196 2.265688E+01 2.405758E+01 1.957481E+02
19.319561 2.309948E+01 2.388306E+01 1.924573E+02
19.337452 2.352645E+01 2.368658E+01 1.891341E+02
19.355610 2.391716E+01 2.348125E+01 1.859568E+02
19.373692 2.426899E+01 2.327145E+01 1.829545E+02
19.392174 2.462438E+01 2.305209E+01 1.799175E+02
19.411037 2.493955E+01 2.282309E+01 1.770010E+02
19.429901 2.516280E+01 2.258937E+01 1.744096E+02
19.450005 2.538232E+01 2.233614E+01 1.717070E+02
19.469173 2.555632E+01 2.209116E+01 1.692447E+02
19.487865 2.568955E+01 2.184919E+01 1.669563E+02
19.507645 2.574772E+01 2.159108E+01 1.647975E+02
19.526012 2.573732E+01 2.135019E+01 1.629918E+02
19.543694 2.570905E+01 2.111760E+01 1.613047E+02
19.562424 2.565885E+01 2.087076E+01 1.595751E+02
19.581879 2.557430E+01 2.061415E+01 1.578735E+02
19.601734 2.540926E+01 2.035317E+01 1.563802E+02
19.621990 2.520537E+01 2.008842E+01 1.549690E+02
19.642323 2.498317E+01 1.982479E+01 1.536139E+02
19.662197 2.472819E+01 1.956885E+01 1.524104E+02
19.682472 2.439715E+01 1.931085E+01 1.514180E+02
19.701832 2.410320E+01 1.906756E+01 1.504192E+02
19.720314 2.387925E+01 1.883757E+01 1.493002E+02
19.738625 2.367523E+01 1.861175E+01 1.481446E+02
19.757145 2.347779E+01 1.838481E+01 1.469523E+02
19.776180 2.329965E+01 1.815331E+01 1.456554E+02
19.795120 2.314788E+01 1.792413E+01 1.442873E+02
19.813965 2.302240E+01 1.769707E+01 1.428472E+02
19.833839 2.285113E+01 1.745868E+01 1.414501E+02
19.855812 2.263150E+01 1.719686E+01 1.400033E+02
19.878738 2.240823E+01 1.692627E+01 1.384852E+02
19.901817 2.223216E+01 1.665595E+01 1.368120E+02
19.924915 2.207183E+01 1.638658E+01 1.350874E+02
19.948357 2.187582E+01 1.611503E+01 1.334426E+02
19.971073 2.166705E+01 1.585356E+01 1.319084E+02
19.993275 2.146739E+01 1.560003E+01 1.304012E+02
20.015820 2.125057E+01 1.534447E+01 1.289176E+02
20.038441 2.103640E+01 1.509023E+01 1.274253E+02
20.061634 2.085048E+01 1.483189E+01 1.258010E+02
20.085323 2.068106E+01 1.456978E+01 1.240829E+02
20.109814 2.047614E+01 1.430069E+01 1.223992E+02
20.133904 2.023810E+01 1.403806E+01 1.208559E+02
20.157383 1.999369E+01 1.378476E+01 1.193984E+02
20.181358 1.978195E+01 1.352825E+01 1.178020E+02
20.205315 1.955930E+01 1.327429E+01 1.162466E+02
20.230492 1.932084E+01 1.300999E+01 1.146330E+02
20.256603 1.907013E+01 1.273867E+01 1.129777E+02
20.282810 1.882027E+01 1.246944E+01 1.113216E+02
20.309284 1.856385E+01 1.220053E+01 1.096706E+02
20.335358 1.829144E+01 1.193898E+01 1.081157E+02
20.360420 1.801065E+01 1.169078E+01 1.066901E+02
20.385654 1.772340E+01 1.144444E+01 1.052851E+02
20.411842 1.738956E+01 1.119332E+01 1.039586E+02
20.437363 1.704578E+01 1.095319E+01 1.027490E+02
20.462807 1.671258E+01 1.071828E+01 1.015427E+02
20.489147 1.637662E+01 1.047978E+01 1.002965E+02
20.514572 1.604797E+01 1.025408E+01 9.913622E+01
20.540321 1.573609E+01 1.003004E+01 9.792644E+01
20.566757 1.542793E+01 9.804478E+00 9.667547E+01
20.593594 1.514838E+01 9.579671E+00 9.532639E+01
20.620773 1.489168E+01 9.355659E+00 9.389622E+01
20.646885 1.463798E+01 9.143716E+00 9.256093E+01
20.672367 1.436333E+01 8.940295E+00 9.136289E+01
20.697964 1.409225E+01 8.739632E+00 9.016721E+01
20.724552 1.383530E+01 8.535023E+00 8.887018E+01
20.752399 1.356771E+01 8.324290E+00 8.752650E+01
20.780991 1.328625E+01 8.112247E+00 8.619569E+01
20.809277 1.301019E+01 7.906528E+00 8.489647E+01
20.837582 1.274632E+01 7.704721E+00 8.358151E+01
20.866421 1.248418E+01 7.503023E+00 8.224355E+01
20.895107 1.220758E+01 7.306592E+00 8.099266E+01
20.923508 1.193653E+01 7.116173E+00 7.977248E+01
20.952995 1.168477E+01 6.922606E+00 7.843415E+01
20.983608 1.142627E+01 6.725795E+00 7.706143E+01
21.012390 1.116362E+01 6.544707E+00 7.586356E+01
21.037815 1.092544E+01 6.388136E+00 7.485148E+01
21.064556 1.068082E+01 6.227074E+00 7.379507E+01
21.095322 1.040421E+01 6.046097E+00 7.259657E+01
21.128548 1.011962E+01 5.855871E+00 7.129432E+01
21.163185 9.824087E+00 5.662951E+00 6.997491E+01
21.199863 9.505878E+00 5.464843E+00 6.864790E+01
21.237648 9.172317E+00 5.267516E+00 6.736153E+01
21.276672 8.835261E+00 5.071086E+00 6.607497E+01
21.317051 8.490197E+00 4.875459E+00 6.480406E+01
21.357124 8.149314E+00 4.689029E+00 6.361625E+01
21.392200 7.860242E+00 4.532040E+00 6.260678E+01
21.426399 7.575761E+00 4.384432E+00 6.169442E+01
21.464413 7.255625E+00 4.226930E+00 6.077616E+01
21.503265 6.952504E+00 4.073121E+00 5.982771E+01
21.544064 6.653203E+00 3.918551E+00 5.883771E+01
21.585968 6.344527E+00 3.767174E+00 5.792441E+01
21.627949 6.041219E+00 3.622974E+00 5.708848E+01
21.668804 5.757555E+00 3.489626E+00 5.632555E+01
21.709984 5.479187E+00 3.361975E+00 5.562653E+01
21.753109 5.208261E+00 3.235176E+00 5.490314E+01
21.798370 4.942015E+00 3.109106E+00 5.416629E+01
21.844070 4.687723E+00 2.988737E+00 5.346288E+01
21.891201 4.442632E+00 2.871477E+00 5.276316E+01
21.939495 4.210161E+00 2.758005E+00 5.205846E+01
21.988934 3.990257E+00 2.648291E+00 5.134651E+01
22.040279 3.771603E+00 2.540800E+00 5.067025E+01
22.095001 3.547220E+00 2.433264E+00 5.003695E+01
22.151478 3.333276E+00 2.329443E+00 4.941538E+01
22.208221 3.137823E+00 2.231803E+00 4.879634E+01
22.264793 2.965176E+00 2.140348E+00 4.813987E+01
22.319324 2.812308E+00 2.057267E+00 4.751216E+01
22.373741 2.669054E+00 1.978923E+00 4.691329E+01
22.429626 2.529400E+00 1.902915E+00 4.634003E+01
22.487877 2.390848E+00 1.828269E+00 4.579412E+01
22.549732 2.251507E+00 1.753868E+00 4.526952E+01
22.613228 2.122092E+00 1.682309E+00 4.472693E+01
22.677448 2.005599E+00 1.614249E+00 4.414629E+01
22.743443 1.893695E+00 1.548469E+00 4.358059E+01
22.810829 1.783991E+00 1.485475E+00 4.307393E+01
22.878445 1.680088E+00 1.426322E+00 4.261842E+01
22.949360 1.580250E+00 1.368323E+00 4.215717E+01
23.024300 1.486328E+00 1.311019E+00 4.164829E+01
23.101013 1.399213E+00 1.256127E+00 4.112798E+01
23.179558 1.316014E+00 1.203583E+00 4.063417E+01
23.259647 1.236444E+00 1.153556E+00 4.017881E+01
23.341759 1.160914E+00 1.105706E+00 3.974524E+01
23.423679 1.090819E+00 1.061198E+00 3.935189E+01
23.501785 1.028425E+00 1.021590E+00 3.901537E+01
23.578957 9.704939E-01 9.849797E-01 3.872367E+01
23.659351 9.147912E-01 9.493444E-01 3.844222E+01
23.746212 8.608781E-01 9.134336E-01 3.812868E+01
23.839596 8.078737E-01 8.775026E-01 3.781136E+01
23.938320 7.561372E-01 8.422701E-01 3.751429E+01
24.041622 7.084379E-01 8.081391E-01 3.718612E+01
24.145668 6.655980E-01 7.762260E-01 3.684918E+01
24.251411 6.258597E-01 7.460664E-01 3.652452E+01
24.359959 5.894900E-01 7.172351E-01 3.618003E+01
24.469154 5.575228E-01 6.901185E-01 3.579629E+01
24.579208 5.294695E-01 6.644263E-01 3.536486E+01
24.689854 5.041442E-01 6.400097E-01 3.491040E+01
24.803474 4.794737E-01 6.162765E-01 3.446981E+01
24.921806 4.548179E-01 5.929283E-01 3.405094E+01
25.042675 4.311356E-01 5.704833E-01 3.364973E+01
25.166920 4.088179E-01 5.488059E-01 3.324294E+01
25.296181 3.880324E-01 5.276046E-01 3.280350E+01
25.428932 3.684055E-01 5.071230E-01 3.235906E+01
25.568264 3.493348E-01 4.869044E-01 3.190570E+01
25.712307 3.307873E-01 4.672488E-01 3.146439E+01
25.860107 3.123314E-01 4.483284E-01 3.106948E+01
26.012695 2.942632E-01 4.300788E-01 3.070618E+01
26.170624 2.767700E-01 4.125116E-01 3.036842E+01
26.328266 2.607042E-01 3.962342E-01 3.005548E+01
26.486671 2.460223E-01 3.810337E-01 2.975239E+01
26.649235 2.321639E-01 3.665414E-01 2.946261E+01
26.813171 2.194613E-01 3.529797E-01 2.918209E+01
26.972511 2.081321E-01 3.407145E-01 2.892455E+01
27.129505 1.977276E-01 3.294334E-01 2.869325E+01
27.289761 1.878075E-01 3.186814E-01 2.848038E+01
27.454174 1.784943E-01 3.083996E-01 2.827140E+01
27.622593 1.697619E-01 2.985889E-01 2.806720E+01
27.797707 1.614480E-01 2.890940E-01 2.786559E+01
27.985294 1.532516E-01 2.796474E-01 2.766648E+01
28.181427 1.454705E-01 2.704819E-01 2.746606E+01
28.379829 1.382984E-01 2.618589E-01 2.727120E+01
28.570335 1.318266E-01 2.541303E-01 2.710820E+01
28.755463 1.259455E-01 2.470900E-01 2.696556E+01
28.938454 1.204502E-01 2.405533E-01 2.684437E+01
29.124001 1.152425E-01 2.343332E-01 2.673456E+01
29.314735 1.103823E-01 2.283417E-01 2.661834E+01
29.513691 1.057471E-01 2.224906E-01 2.649860E+01
29.721230 1.012180E-01 2.167916E-01 2.639120E+01
29.933403 9.698412E-02 2.113641E-01 2.628612E+01
30.146130 9.324245E-02 2.062871E-01 2.616440E+01
30.360973 8.987261E-02 2.014865E-01 2.603022E+01
30.579117 8.668537E-02 1.969107E-01 2.590252E+01
30.794285 8.374980E-02 1.926658E-01 2.578447E+01
31.008537 8.102728E-02 1.886824E-01 2.567210E+01
31.230591 7.838121E-02 1.847921E-01 2.556366E+01
31.466282 7.567617E-02 1.809151E-01 2.547071E+01
31.703022 7.307426E-02 1.772746E-01 2.539861E+01
31.932972 7.071982E-02 1.739697E-01 2.533662E+01
32.162895 6.845905E-02 1.708766E-01 2.529373E+01
32.397194 6.618939E-02 1.679292E-01 2.528003E+01
32.639122 6.400643E-02 1.650915E-01 2.527310E+01
32.887993 6.204024E-02 1.623766E-01 2.524832E+01
33.135223 6.037098E-02 1.598656E-01 2.519918E+01
33.382607 5.882839E-02 1.575255E-01 2.515377E+01
33.635139 5.720805E-02 1.553098E-01 2.514873E+01
33.890724 5.550239E-02 1.532450E-01 2.519278E+01
34.144135 5.387743E-02 1.513689E-01 2.525683E+01
34.397125 5.243277E-02 1.496532E-01 2.531222E+01
34.650307 5.117652E-02 1.480811E-01 2.535186E+01
34.903603 4.997718E-02 1.466516E-01 2.540660E+01
35.157738 4.873477E-02 1.453706E-01 2.550367E+01
35.414314 4.747903E-02 1.442383E-01 2.563748E+01
35.675430 4.625598E-02 1.432516E-01 2.579652E+01
35.942383 4.510343E-02 1.424089E-01 2.597036E+01
36.206856 4.406969E-02 1.417285E-01 2.614766E+01
36.465340 4.315192E-02 1.411998E-01 2.632569E+01
36.721992 4.232986E-02 1.407978E-01 2.650440E+01
36.979980 4.162964E-02 1.405041E-01 2.667063E+01
37.241974 4.108940E-02 1.403020E-01 2.680678E+01
37.509537 4.069095E-02 1.401758E-01 2.691348E+01
37.776489 4.036934E-02 1.401115E-01 2.700807E+01
38.044586 4.006683E-02 1.400974E-01 2.710710E+01
38.316689 3.979814E-02 1.401328E-01 2.720534E+01
38.593788 3.959031E-02 1.402193E-01 2.729349E+01
38.873367 3.943738E-02 1.403539E-01 2.737260E+01
39.150887 3.932310E-02 1.405299E-01 2.744672E+01
39.429283 3.924291E-02 1.407470E-01 2.751719E+01
39.708748 3.919724E-02 1.410058E-01 2.758384E+01
39.989090 3.911672E-02 1.413108E-01 2.767194E+01
40.267830 3.891033E-02 1.416690E-01 2.781557E+01
40.543938 3.859270E-02 1.420914E-01 2.801308E+01
40.817642 3.821467E-02 1.425885E-01 2.824978E+01
41.089706 3.781577E-02 1.431684E-01 2.851388E+01
41.361961 3.742414E-02 1.438410E-01 2.879735E+01
41.636200 3.708651E-02 1.446143E-01 2.908364E+01
41.912613 3.687645E-02 1.454823E-01 2.934143E+01
42.191048 3.683298E-02 1.464235E-01 2.954868E+01
42.469635 3.692306E-02 1.474045E-01 2.971034E+01
42.748375 3.710221E-02 1.484013E-01 2.983894E+01
43.018837 3.736362E-02 1.493662E-01 2.992770E+01
43.286018 3.770402E-02 1.503048E-01 2.997953E+01
43.557358 3.813548E-02 1.512288E-01 2.999270E+01
43.829422 3.871816E-02 1.521017E-01 2.993797E+01
44.099846 3.946732E-02 1.528840E-01 2.980497E+01
44.368095 4.031913E-02 1.535439E-01 2.961575E+01
44.632645 4.119882E-02 1.540612E-01 2.939655E+01
44.891891 4.205777E-02 1.544299E-01 2.916446E+01
45.148964 4.287295E-02 1.546612E-01 2.892913E+01
45.411110 4.365705E-02 1.547659E-01 2.868757E+01
45.677795 4.441306E-02 1.547431E-01 2.843817E+01
45.936737 4.512750E-02 1.545928E-01 2.818476E+01
46.183662 4.579450E-02 1.543267E-01 2.793058E+01
46.421509 4.640379E-02 1.539553E-01 2.767983E+01
46.652336 4.693322E-02 1.534913E-01 2.744032E+01
46.877861 4.737120E-02 1.529468E-01 2.721628E+01
47.104301 4.771322E-02 1.523178E-01 2.700704E+01
47.338104 4.795051E-02 1.515917E-01 2.681170E+01
47.582436 4.809378E-02 1.507610E-01 2.662504E+01
47.834854 4.816704E-02 1.498367E-01 2.644167E+01
48.087845 4.817039E-02 1.488529E-01 2.626714E+01
48.342857 4.812853E-02 1.478071E-01 2.609394E+01
48.600693 4.810894E-02 1.466929E-01 2.590251E+01
48.857841 4.813819E-02 1.455211E-01 2.568778E+01
49.111214 4.817733E-02 1.443071E-01 2.546314E+01
49.363022 4.817183E-02 1.430463E-01 2.524212E+01
49.615784 4.806935E-02 1.417391E-01 2.503810E+01
49.872017 4.786163E-02 1.403900E-01 2.485353E+01
50.134888 4.759237E-02 1.389959E-01 2.467623E+01
50.399704 4.732157E-02 1.375858E-01 2.449569E+01
50.662956 4.705166E-02 1.361763E-01 2.431419E+01
50.929909 4.674876E-02 1.347382E-01 2.413522E+01
51.206512 4.637364E-02 1.332458E-01 2.396424E+01
51.491356 4.587355E-02 1.317248E-01 2.381947E+01
51.777267 4.525150E-02 1.302408E-01 2.371243E+01
52.062378 4.451660E-02 1.288287E-01 2.364815E+01
52.345543 4.369114E-02 1.275127E-01 2.362666E+01
52.628479 4.277350E-02 1.263008E-01 2.365182E+01
52.916260 4.171760E-02 1.251921E-01 2.373903E+01
53.204842 4.062436E-02 1.242245E-01 2.387040E+01
53.496246 3.963964E-02 1.233942E-01 2.400355E+01
53.786392 3.883096E-02 1.226960E-01 2.411498E+01
54.064407 3.813543E-02 1.221331E-01 2.422226E+01
54.334679 3.748302E-02 1.216789E-01 2.434130E+01
54.601402 3.686025E-02 1.213120E-01 2.447205E+01
54.866638 3.627542E-02 1.210206E-01 2.460926E+01
55.136414 3.571773E-02 1.207995E-01 2.475534E+01
55.416069 3.516870E-02 1.206582E-01 2.491864E+01
55.708885 3.460022E-02 1.206168E-01 2.511388E+01
56.004143 3.400046E-02 1.206982E-01 2.535152E+01
56.297646 3.339016E-02 1.209138E-01 2.562786E+01
56.591568 3.281624E-02 1.212719E-01 2.592755E+01
56.888962 3.228896E-02 1.217836E-01 2.624867E+01
57.195663 3.178377E-02 1.224716E-01 2.660591E+01
57.499008 3.131974E-02 1.233091E-01 2.698557E+01
57.791977 3.094749E-02 1.242543E-01 2.735547E+01
58.080826 3.070802E-02 1.252965E-01 2.769226E+01
58.371620 3.062323E-02 1.264313E-01 2.798174E+01
58.661766 3.067734E-02 1.276271E-01 2.822147E+01
58.942299 3.082633E-02 1.288293E-01 2.841838E+01
59.215927 3.103075E-02 1.300375E-01 2.859025E+01
59.484177 3.126663E-02 1.312506E-01 2.874793E+01
59.748688 3.155925E-02 1.324682E-01 2.887978E+01
60.011292 3.192836E-02 1.336894E-01 2.897705E+01
60.273895 3.233354E-02 1.349143E-01 2.905875E+01
60.540276 3.272353E-02 1.361551E-01 2.915073E+01
60.809288 3.308703E-02 1.374049E-01 2.925627E+01
61.076508 3.344562E-02 1.386393E-01 2.936043E+01
61.344986 3.384351E-02 1.398643E-01 2.944521E+01
61.616783 3.431315E-02 1.410787E-01 2.949692E+01
61.892624 3.488691E-02 1.422692E-01 2.950022E+01
62.173119 3.558758E-02 1.434138E-01 2.944335E+01
62.457123 3.640147E-02 1.444775E-01 2.932826E+01
62.741318 3.729932E-02 1.454182E-01 2.916177E+01
63.026085 3.829530E-02 1.462080E-01 2.893638E+01
63.312988 3.941215E-02 1.468234E-01 2.864349E+01
63.595772 4.060422E-02 1.472308E-01 2.829819E+01
63.869438 4.177012E-02 1.474221E-01 2.793671E+01
64.142670 4.285074E-02 1.474103E-01 2.758001E+01
64.411835 4.379442E-02 1.472087E-01 2.724393E+01
64.677490 4.461624E-02 1.468389E-01 2.692404E+01
64.941010 4.535372E-02 1.463136E-01 2.660871E+01
65.205521 4.604609E-02 1.456288E-01 2.628431E+01
65.475754 4.672761E-02 1.447603E-01 2.593631E+01
65.755066 4.742589E-02 1.436743E-01 2.555153E+01
66.039642 4.811428E-02 1.423658E-01 2.513706E+01
66.319641 4.868370E-02 1.408857E-01 2.472982E+01
66.592087 4.900571E-02 1.392899E-01 2.436924E+01
66.859879 4.901551E-02 1.376094E-01 2.407281E+01
67.125305 4.873893E-02 1.358777E-01 2.383723E+01
67.386154 4.826088E-02 1.341484E-01 2.365014E+01
67.643265 4.768587E-02 1.324426E-01 2.348976E+01
67.899002 4.710117E-02 1.307516E-01 2.333334E+01
68.156952 4.653222E-02 1.290511E-01 2.317023E+01
68.420547 4.593770E-02 1.273184E-01 2.300659E+01
68.691925 4.526472E-02 1.255521E-01 2.285544E+01
68.967804 4.450559E-02 1.237944E-01 2.272686E+01
69.249939 4.367381E-02 1.220583E-01 2.262050E+01
69.530014 4.281775E-02 1.204095E-01 2.253692E+01
69.805511 4.196873E-02 1.188628E-01 2.247133E+01
70.082535 4.113191E-02 1.173772E-01 2.241506E+01
70.366196 4.029847E-02 1.159218E-01 2.236488E+01
70.658173 3.947441E-02 1.144936E-01 2.231870E+01
70.953735 3.869800E-02 1.131225E-01 2.227155E+01
71.249374 3.800312E-02 1.118274E-01 2.221693E+01
71.544708 3.741191E-02 1.106033E-01 2.214668E+01
71.841568 3.693307E-02 1.094296E-01 2.205326E+01
72.141556 3.652956E-02 1.082849E-01 2.194277E+01
72.446198 3.616368E-02 1.071522E-01 2.182280E+01
72.756714 3.579430E-02 1.060222E-01 2.170379E+01
73.074326 3.539068E-02 1.048878E-01 2.159365E+01
73.402237 3.495276E-02 1.037378E-01 2.149028E+01
73.735947 3.449434E-02 1.025890E-01 2.139303E+01
74.068665 3.398540E-02 1.014684E-01 2.131721E+01
74.406342 3.336581E-02 1.003743E-01 2.128225E+01
74.749588 3.262963E-02 9.933708E-02 2.129859E+01
75.087418 3.184877E-02 9.841701E-02 2.135844E+01
75.416168 3.113787E-02 9.762824E-02 2.142775E+01
75.739731 3.054944E-02 9.694964E-02 2.148277E+01
76.062225 3.005789E-02 9.636172E-02 2.152638E+01
76.390137 2.960511E-02 9.585220E-02 2.157567E+01
76.731781 2.912373E-02 9.542045E-02 2.165527E+01
77.084335 2.857585E-02 9.508890E-02 2.178592E+01
77.430405 2.802026E-02 9.488057E-02 2.195265E+01
77.768997 2.749291E-02 9.478951E-02 2.214091E+01
78.101562 2.700046E-02 9.480647E-02 2.234591E+01
78.431152 2.654354E-02 9.492242E-02 2.256498E+01
78.757462 2.615725E-02 9.512759E-02 2.278012E+01
79.079422 2.588109E-02 9.541056E-02 2.296946E+01
79.395355 2.571198E-02 9.575794E-02 2.312877E+01
79.705566 2.562566E-02 9.615890E-02 2.326471E+01
80.011887 2.559392E-02 9.660661E-02 2.338751E+01
80.316833 2.559785E-02 9.709811E-02 2.350470E+01
80.622314 2.561981E-02 9.763364E-02 2.362420E+01
80.930542 2.563406E-02 9.821685E-02 2.375871E+01
81.242584 2.562319E-02 9.885385E-02 2.391788E+01
81.559052 2.558035E-02 9.955197E-02 2.410695E+01
81.878571 2.551854E-02 1.003142E-01 2.432094E+01
82.197098 2.547308E-02 1.011332E-01 2.454135E+01
82.514557 2.545992E-02 1.020039E-01 2.475903E+01
82.827744 2.548141E-02 1.029134E-01 2.496927E+01
83.128189 2.553869E-02 1.038300E-01 2.516339E+01
83.415512 2.562200E-02 1.047424E-01 2.534322E+01
83.696884 2.571427E-02 1.056646E-01 2.552044E+01
83.977112 2.580922E-02 1.066099E-01 2.570134E+01
84.263138 2.591672E-02 1.076025E-01 2.588677E+01
84.562439 2.605589E-02 1.086686E-01 2.607334E+01
84.874481 2.624064E-02 1.098057E-01 2.625327E+01
85.184158 2.645999E-02 1.109536E-01 2.641753E+01
85.492538 2.669267E-02 1.121112E-01 2.657655E+01
85.800156 2.692014E-02 1.132776E-01 2.673935E+01
86.104950 2.717299E-02 1.144414E-01 2.688809E+01
86.407303 2.748717E-02 1.155987E-01 2.700434E+01
86.706604 2.787520E-02 1.167375E-01 2.707990E+01
87.001785 2.834750E-02 1.178398E-01 2.710694E+01
87.292847 2.888143E-02 1.188910E-01 2.709476E+01
87.580475 2.943534E-02 1.198834E-01 2.706264E+01
87.865814 2.998548E-02 1.208153E-01 2.702166E+01
88.149857 3.053498E-02 1.216883E-01 2.697091E+01
88.434280 3.108028E-02 1.225074E-01 2.691321E+01
88.721069 3.161150E-02 1.232814E-01 2.685473E+01
89.012817 3.212279E-02 1.240219E-01 2.680017E+01
89.311966 3.259143E-02 1.247396E-01 2.676075E+01
89.611649 3.295690E-02 1.254250E-01 2.675818E+01
89.903931 3.321406E-02 1.260739E-01 2.679229E+01
90.198959 3.341966E-02 1.267220E-01 2.684705E+01
90.499863 3.358697E-02 1.273903E-01 2.692133E+01
90.806717 3.372863E-02 1.280920E-01 2.701272E+01
91.109833 3.385611E-02 1.288146E-01 2.711391E+01
91.410355 3.398751E-02 1.295666E-01 2.721942E+01
91.705917 3.411148E-02 1.303412E-01 2.733237E+01
91.999115 3.422287E-02 1.311361E-01 2.745426E+01
92.293381 3.434156E-02 1.319481E-01 2.757648E+01
92.590622 3.445028E-02 1.327754E-01 2.770555E+01
92.878326 3.448629E-02 1.335912E-01 2.786123E+01
93.154739 3.445774E-02 1.344062E-01 2.804281E+01
93.430084 3.442411E-02 1.352594E-01 2.823461E+01
93.707870 3.445490E-02 1.361549E-01 2.840883E+01
93.991074 3.459096E-02 1.370832E-01 2.854622E+01
94.282516 3.485667E-02 1.380312E-01 2.863386E+01
94.559540 3.522158E-02 1.389089E-01 2.866628E+01
94.823364 3.563106E-02 1.397141E-01 2.866629E+01
95.077805 3.602853E-02 1.404596E-01 2.865984E+01
95.322479 3.639284E-02 1.411491E-01 2.865602E+01
95.557236 3.675188E-02 1.417866E-01 2.864448E+01
95.783600 3.712669E-02 1.423755E-01 2.861790E+01
96.005692 3.751152E-02 1.429275E-01 2.858111E+01
96.226639 3.787618E-02 1.434516E-01 2.854750E+01
96.449112 3.818966E-02 1.439578E-01 2.853040E+01
96.675552 3.845312E-02 1.444561E-01 2.853091E+01
96.908478 3.868800E-02 1.449554E-01 2.854249E+01
97.150787 3.888711E-02 1.454668E-01 2.856977E+01
97.404770 3.902199E-02 1.460030E-01 2.862548E+01
97.661728 3.906699E-02 1.465570E-01 2.871754E+01
97.912735 3.902057E-02 1.471204E-01 2.884508E+01
98.162216 3.891723E-02 1.477099E-01 2.899908E+01
98.414749 3.884753E-02 1.483385E-01 2.914860E+01
98.672394 3.888128E-02 1.490076E-01 2.926737E+01
98.929199 3.898992E-02 1.496974E-01 2.936187E+01
99.185242 3.911674E-02 1.504054E-01 2.945288E+01
99.441818 3.926475E-02 1.511310E-01 2.953914E+01
99.687866 3.945980E-02 1.518295E-01 2.960223E+01
99.928955 3.972201E-02 1.525012E-01 2.963488E+01
100.170807 4.004196E-02 1.531492E-01 2.964167E+01
100.418915 4.040479E-02 1.537763E-01 2.962911E+01
100.677322 4.079213E-02 1.543821E-01 2.960426E+01
100.938858 4.114800E-02 1.549450E-01 2.958345E+01
101.196960 4.139696E-02 1.554609E-01 2.959257E+01
101.456512 4.150617E-02 1.559608E-01 2.964863E+01
101.721100 4.150942E-02 1.564756E-01 2.974533E+01
101.992172 4.151281E-02 1.570237E-01 2.984830E+01
102.261261 4.162366E-02 1.575834E-01 2.991478E+01
102.519669 4.184555E-02 1.581188E-01 2.993674E+01
102.772202 4.211063E-02 1.586258E-01 2.993805E+01
103.021454 4.237889E-02 1.591016E-01 2.993267E+01
103.267273 4.264069E-02 1.595408E-01 2.992302E+01
103.509735 4.289580E-02 1.599413E-01 2.990879E+01
103.750290 4.312973E-02 1.603103E-01 2.989639E+01
103.991837 4.332276E-02 1.606616E-01 2.989507E+01
104.237198 4.348566E-02 1.610072E-01 2.990322E+01
104.488358 4.367509E-02 1.613506E-01 2.990193E+01
104.734787 4.394173E-02 1.616698E-01 2.987005E+01
104.983505 4.432475E-02 1.619616E-01 2.979440E+01
105.243896 4.482609E-02 1.622165E-01 2.967395E+01
105.503754 4.540602E-02 1.624007E-01 2.951732E+01
105.763840 4.605575E-02 1.625003E-01 2.932634E+01
106.021942 4.673330E-02 1.625062E-01 2.911402E+01
106.284241 4.737723E-02 1.624119E-01 2.889873E+01
106.543716 4.787214E-02 1.622232E-01 2.871556E+01
106.801590 4.818660E-02 1.619556E-01 2.857449E+01
107.062744 4.838968E-02 1.616185E-01 2.845512E+01
107.329391 4.857979E-02 1.612152E-01 2.832851E+01
107.600998 4.882387E-02 1.607441E-01 2.817504E+01
107.871307 4.915394E-02 1.602079E-01 2.798662E+01
108.133606 4.957275E-02 1.596109E-01 2.776430E+01
108.392853 5.002470E-02 1.589324E-01 2.752111E+01
108.652557 5.045025E-02 1.581533E-01 2.727045E+01
108.912720 5.082955E-02 1.572610E-01 2.701522E+01
109.170898 5.117742E-02 1.562528E-01 2.675065E+01
109.432205 5.149278E-02 1.550976E-01 2.647144E+01
109.697021 5.174468E-02 1.537897E-01 2.618424E+01
109.961456 5.187330E-02 1.523509E-01 2.590709E+01
110.233521 5.186109E-02 1.507460E-01 2.563720E+01
110.517181 5.172480E-02 1.489617E-01 2.536710E+01
110.809998 5.146211E-02 1.470329E-01 2.510246E+01
111.098618 5.107139E-02 1.450803E-01 2.486367E+01
111.381134 5.057681E-02 1.431523E-01 2.465291E+01
111.659836 4.997437E-02 1.412625E-01 2.447366E+01
111.933197 4.927163E-02 1.394413E-01 2.432979E+01
112.205261 4.852672E-02 1.376720E-01 2.420476E+01
112.480225 4.780583E-02 1.359325E-01 2.407845E+01
112.757095 4.711339E-02 1.342355E-01 2.395195E+01
113.038773 4.638016E-02 1.325780E-01 2.384245E+01
113.326019 4.552525E-02 1.309842E-01 2.377598E+01
113.617004 4.450105E-02 1.294977E-01 2.377510E+01
113.919586 4.336651E-02 1.281076E-01 2.382556E+01
114.224075 4.235440E-02 1.268617E-01 2.387408E+01
114.527649 4.152181E-02 1.257393E-01 2.389893E+01
114.831146 4.076871E-02 1.247110E-01 2.392142E+01
115.134567 4.001158E-02 1.237686E-01 2.396421E+01
115.439743 3.920225E-02 1.229162E-01 2.404358E+01
115.745148 3.839485E-02 1.221705E-01 2.414769E+01
116.049866 3.770147E-02 1.215299E-01 2.424094E+01
116.348633 3.717220E-02 1.209801E-01 2.430247E+01
116.639160 3.682768E-02 1.204927E-01 2.431751E+01
116.928772 3.663386E-02 1.200329E-01 2.428872E+01
117.216019 3.652212E-02 1.195947E-01 2.423703E+01
117.501205 3.641870E-02 1.191777E-01 2.418679E+01
117.787460 3.627659E-02 1.187835E-01 2.415398E+01
118.078979 3.605887E-02 1.184173E-01 2.415209E+01
118.381714 3.574676E-02 1.180884E-01 2.418993E+01
118.696121 3.537443E-02 1.178125E-01 2.426007E+01
119.020294 3.497301E-02 1.175990E-01 2.435470E+01
119.346527 3.455731E-02 1.174523E-01 2.447019E+01
119.673065 3.417569E-02 1.173661E-01 2.458837E+01
119.996323 3.390199E-02 1.173286E-01 2.467952E+01
120.323853 3.377632E-02 1.173207E-01 2.472373E+01
120.661911 3.379862E-02 1.173187E-01 2.471514E+01
121.006836 3.392460E-02 1.173000E-01 2.466528E+01
121.346344 3.404643E-02 1.172582E-01 2.461234E+01
121.671051 3.412991E-02 1.171991E-01 2.456984E+01
121.984695 3.420407E-02 1.171246E-01 2.452758E+01
122.293381 3.427354E-02 1.170317E-01 2.448328E+01
122.600464 3.429585E-02 1.169240E-01 2.445280E+01
122.893814 3.425251E-02 1.168213E-01 2.444678E+01
123.171677 3.415243E-02 1.167400E-01 2.446553E+01
123.436798 3.400310E-02 1.166895E-01 2.450858E+01
123.691925 3.380539E-02 1.166768E-01 2.457746E+01
123.939957 3.355859E-02 1.167076E-01 2.467419E+01
124.184174 3.328075E-02 1.167869E-01 2.479381E+01
124.427551 3.300336E-02 1.169180E-01 2.492573E+01
124.672379 3.274108E-02 1.171022E-01 2.506480E+01
124.920181 3.248421E-02 1.173414E-01 2.521510E+01
125.175537 3.222101E-02 1.176442E-01 2.538321E+01
125.446762 3.196703E-02 1.180288E-01 2.556715E+01
125.740570 3.177048E-02 1.185128E-01 2.575129E+01
126.047501 3.169901E-02 1.190776E-01 2.590317E+01
126.349625 3.178255E-02 1.196678E-01 2.599732E+01
126.645035 3.201094E-02 1.202483E-01 2.603008E+01
126.932281 3.234582E-02 1.207897E-01 2.601156E+01
127.213577 3.272823E-02 1.212772E-01 2.596352E+01
127.494797 3.311526E-02 1.217087E-01 2.590318E+01
127.782883 3.349801E-02 1.220845E-01 2.583430E+01
128.084320 3.386758E-02 1.224020E-01 2.575976E+01
128.404297 3.418693E-02 1.226595E-01 2.569312E+01
128.729919 3.439790E-02 1.228567E-01 2.565538E+01
129.054932 3.448480E-02 1.230169E-01 2.565645E+01
129.373230 3.451240E-02 1.231625E-01 2.567655E+01
129.682526 3.459729E-02 1.232981E-01 2.567327E+01
129.982361 3.481464E-02 1.234107E-01 2.561637E+01
130.277313 3.512801E-02 1.234838E-01 2.551695E+01
130.573639 3.545595E-02 1.235058E-01 2.540321E+01
130.874695 3.575974E-02 1.234722E-01 2.528817E+01
131.180939 3.602348E-02 1.233831E-01 2.517726E+01
131.489014 3.621903E-02 1.232450E-01 2.508109E+01
131.794647 3.630848E-02 1.230723E-01 2.501508E+01
132.101044 3.627692E-02 1.228825E-01 2.498737E+01
132.413544 3.617416E-02 1.226904E-01 2.498371E+01
132.731232 3.611028E-02 1.225002E-01 2.496703E+01
133.043121 3.615176E-02 1.223062E-01 2.491319E+01
133.353485 3.625278E-02 1.220924E-01 2.483497E+01
133.664917 3.630683E-02 1.218548E-01 2.476819E+01
133.970703 3.622883E-02 1.216138E-01 2.474580E+01
134.270996 3.602379E-02 1.213917E-01 2.477078E+01
134.561523 3.571803E-02 1.212108E-01 2.483952E+01
134.844116 3.530945E-02 1.210864E-01 2.495718E+01
135.124878 3.479256E-02 1.210335E-01 2.513089E+01
135.404419 3.422804E-02 1.210669E-01 2.534429E+01
135.685333 3.373325E-02 1.211906E-01 2.555556E+01
135.966553 3.336491E-02 1.213951E-01 2.573960E+01
136.245636 3.310953E-02 1.216641E-01 2.589593E+01
136.523346 3.291298E-02 1.219876E-01 2.604219E+01
136.803497 3.274013E-02 1.223657E-01 2.619179E+01
137.092041 3.260339E-02 1.228065E-01 2.634121E+01
137.397675 3.253450E-02 1.233213E-01 2.647961E+01
137.706055 3.251562E-02 1.238809E-01 2.660750E+01
138.008942 3.248135E-02 1.244664E-01 2.674736E+01
138.309845 3.242474E-02 1.250912E-01 2.690508E+01
138.611359 3.236700E-02 1.257764E-01 2.707657E+01
138.916534 3.228805E-02 1.265427E-01 2.727482E+01
139.226746 3.218578E-02 1.274040E-01 2.750405E+01
139.530090 3.211639E-02 1.283235E-01 2.773247E+01
139.829163 3.213600E-02 1.292962E-01 2.793416E+01
140.122131 3.222476E-02 1.303046E-01 2.811323E+01
140.405945 3.234966E-02 1.313285E-01 2.827937E+01
140.682892 3.248882E-02 1.323641E-01 2.844127E+01
140.951599 3.261571E-02 1.333972E-01 2.860743E+01
141.214813 3.274438E-02 1.344317E-01 2.877258E+01
141.472229 3.288458E-02 1.354607E-01 2.893096E+01
141.723236 3.304056E-02 1.364804E-01 2.907985E+01
141.968750 3.320854E-02 1.374923E-01 2.922128E+01
142.209229 3.336379E-02 1.385001E-01 2.936689E+01
142.445892 3.349598E-02 1.395095E-01 2.952250E+01
142.680115 3.360490E-02 1.405283E-01 2.968985E+01
142.914032 3.370412E-02 1.415653E-01 2.986490E+01
143.149323 3.382651E-02 1.426272E-01 3.003442E+01
143.389343 3.402192E-02 1.437232E-01 3.017819E+01
143.636536 3.431000E-02 1.448586E-01 3.028863E+01
143.891357 3.467261E-02 1.460299E-01 3.037345E+01
144.150757 3.510034E-02 1.472162E-01 3.043305E+01
144.411530 3.558210E-02 1.483931E-01 3.046797E+01
144.671539 3.611267E-02 1.495429E-01 3.047766E+01
144.930328 3.669414E-02 1.506533E-01 3.045971E+01
145.189117 3.732494E-02 1.517182E-01 3.041472E+01
145.448822 3.799303E-02 1.527295E-01 3.034706E+01
145.708069 3.866855E-02 1.536728E-01 3.026660E+01
145.970825 3.930913E-02 1.545588E-01 3.019205E+01
146.239532 3.986634E-02 1.553995E-01 3.014339E+01
146.515717 4.035974E-02 1.562057E-01 3.011399E+01
146.798462 4.085590E-02 1.569783E-01 3.007862E+01
147.086090 4.133436E-02 1.577179E-01 3.004491E+01
147.382111 4.171823E-02 1.584493E-01 3.004506E+01
147.684235 4.195510E-02 1.591953E-01 3.010119E+01
147.982697 4.211506E-02 1.599573E-01 3.018776E+01
148.271393 4.223514E-02 1.607272E-01 3.028991E+01
148.554596 4.227374E-02 1.615167E-01 3.042480E+01
148.832916 4.219162E-02 1.623331E-01 3.060833E+01
149.099792 4.202087E-02 1.631651E-01 3.082764E+01
149.358887 4.184169E-02 1.640289E-01 3.105714E+01
149.607605 4.174384E-02 1.649095E-01 3.126045E+01
149.843353 4.177901E-02 1.657775E-01 3.141175E+01
150.067352 4.198281E-02 1.666157E-01 3.149386E+01
150.279449 4.234145E-02 1.674032E-01 3.150840E+01
150.482544 4.277227E-02 1.681414E-01 3.148756E+01
150.680145 4.318690E-02 1.688394E-01 3.146613E+01
150.875000 4.354529E-02 1.695097E-01 3.146079E+01
151.069855 4.387238E-02 1.701658E-01 3.146461E+01
151.266846 4.421885E-02 1.708172E-01 3.146107E+01
151.466888 4.459577E-02 1.714687E-01 3.144733E+01
151.670898 4.497008E-02 1.721204E-01 3.143520E+01
151.879181 4.528846E-02 1.727720E-01 3.144308E+01
152.091583 4.553911E-02 1.734277E-01 3.147544E+01
152.308563 4.571612E-02 1.740976E-01 3.153580E+01
152.531189 4.579920E-02 1.747977E-01 3.163387E+01
152.757019 4.580224E-02 1.755362E-01 3.176648E+01
152.981934 4.579245E-02 1.763083E-01 3.190961E+01
153.208221 4.587836E-02 1.771172E-01 3.202598E+01
153.437103 4.614515E-02 1.779469E-01 3.208286E+01
153.668121 4.662201E-02 1.787649E-01 3.206508E+01
153.897614 4.720657E-02 1.795375E-01 3.200365E+01
154.123596 4.774428E-02 1.802515E-01 3.194949E+01
154.346375 4.820116E-02 1.809100E-01 3.191387E+01
154.567322 4.862154E-02 1.815207E-01 3.188287E+01
154.788574 4.904146E-02 1.820889E-01 3.184544E+01
155.012573 4.950652E-02 1.826131E-01 3.178676E+01
155.235504 5.009968E-02 1.830692E-01 3.167696E+01
155.459808 5.082442E-02 1.834397E-01 3.151395E+01
155.689301 5.160750E-02 1.837076E-01 3.131961E+01
155.927795 5.240725E-02 1.838572E-01 3.110502E+01
156.169495 5.321915E-02 1.838738E-01 3.086964E+01
156.413483 5.407635E-02 1.837532E-01 3.060390E+01
156.661285 5.493112E-02 1.834890E-01 3.032121E+01
156.904816 5.562057E-02 1.830959E-01 3.006815E+01
157.150024 5.607522E-02 1.825863E-01 2.986265E+01
157.396454 5.629201E-02 1.819863E-01 2.970716E+01
157.637390 5.634430E-02 1.813381E-01 2.958759E+01
157.871765 5.633818E-02 1.806623E-01 2.947893E+01
158.103241 5.631265E-02 1.799566E-01 2.937043E+01
158.335175 5.627358E-02 1.792074E-01 2.925832E+01
158.569397 5.625027E-02 1.784032E-01 2.913306E+01
158.809113 5.625408E-02 1.775259E-01 2.898881E+01
159.053558 5.627486E-02 1.765676E-01 2.882700E+01
159.296936 5.628530E-02 1.755527E-01 2.865863E+01
159.535736 5.625441E-02 1.745094E-01 2.849615E+01
159.771179 5.616048E-02 1.734467E-01 2.834630E+01
160.011505 5.595256E-02 1.723408E-01 2.821783E+01
160.262665 5.562317E-02 1.711750E-01 2.810982E+01
160.499634 5.530847E-02 1.700765E-01 2.800878E+01
160.726532 5.504905E-02 1.690210E-01 2.790046E+01
160.953735 5.480170E-02 1.679569E-01 2.778731E+01
161.184601 5.448233E-02 1.668687E-01 2.768807E+01
161.420197 5.403871E-02 1.657616E-01 2.761704E+01
161.659454 5.350351E-02 1.646573E-01 2.756992E+01
161.904663 5.294687E-02 1.635582E-01 2.752948E+01
162.158875 5.243095E-02 1.624558E-01 2.747812E+01
162.415680 5.200417E-02 1.613719E-01 2.740656E+01
162.675690 5.165938E-02 1.602923E-01 2.731390E+01
162.935242 5.138917E-02 1.592208E-01 2.720255E+01
163.195862 5.113420E-02 1.581491E-01 2.708673E+01
163.450378 5.088548E-02 1.571126E-01 2.697488E+01
163.699402 5.068486E-02 1.561034E-01 2.685460E+01
163.946899 5.052802E-02 1.550934E-01 2.672224E+01
164.192413 5.038330E-02 1.540731E-01 2.658453E+01
164.442047 5.019597E-02 1.530153E-01 2.645124E+01
164.697174 4.988138E-02 1.519222E-01 2.634497E+01
164.952759 4.938872E-02 1.508332E-01 2.628625E+01
165.209259 4.872027E-02 1.497716E-01 2.627969E+01
165.468658 4.793414E-02 1.487635E-01 2.631597E+01
165.734619 4.710825E-02 1.478244E-01 2.637809E+01
166.003784 4.639358E-02 1.469734E-01 2.642745E+01
166.267914 4.581527E-02 1.462228E-01 2.645791E+01
166.534180 4.528680E-02 1.455397E-01 2.648751E+01
166.804718 4.480093E-02 1.449136E-01 2.651620E+01
167.080444 4.435118E-02 1.443374E-01 2.654435E+01
167.363037 4.389584E-02 1.438091E-01 2.658399E+01
167.650208 4.340294E-02 1.433395E-01 2.664722E+01
167.935852 4.291546E-02 1.429457E-01 2.672452E+01
168.213104 4.244981E-02 1.426392E-01 2.681308E+01
168.487457 4.193931E-02 1.424189E-01 2.693410E+01
168.767151 4.140726E-02 1.422880E-01 2.708169E+01
169.057373 4.096576E-02 1.422493E-01 2.721982E+01
169.352631 4.066176E-02 1.422875E-01 2.732872E+01
169.634918 4.047341E-02 1.423689E-01 2.740790E+01
169.902557 4.036987E-02 1.424682E-01 2.746217E+01
170.158142 4.033995E-02 1.425717E-01 2.749231E+01
170.404724 4.035863E-02 1.426715E-01 2.750520E+01
170.646576 4.039537E-02 1.427635E-01 2.751040E+01
170.889648 4.044111E-02 1.428457E-01 2.751068E+01
171.135315 4.048565E-02 1.429170E-01 2.750927E+01
171.370300 4.051666E-02 1.429728E-01 2.750946E+01
171.588806 4.055575E-02 1.430122E-01 2.750379E+01
171.799683 4.063058E-02 1.430349E-01 2.748281E+01
172.008423 4.074729E-02 1.430381E-01 2.744403E+01
172.219757 4.090003E-02 1.430181E-01 2.738892E+01
172.435974 4.107968E-02 1.429719E-01 2.732014E+01
172.656464 4.127520E-02 1.428979E-01 2.724124E+01
172.881073 4.147907E-02 1.427955E-01 2.715474E+01
173.111481 4.168822E-02 1.426634E-01 2.706148E+01
173.344025 4.189757E-02 1.425032E-01 2.696348E+01
173.577942 4.207371E-02 1.423172E-01 2.687186E+01
173.815216 4.218549E-02 1.421078E-01 2.679675E+01
174.056915 4.223828E-02 1.418782E-01 2.673672E+01
174.303040 4.226302E-02 1.416305E-01 2.668223E+01
174.548553 4.229156E-02 1.413668E-01 2.662356E+01
174.790405 4.233470E-02 1.410854E-01 2.655702E+01
175.031952 4.238676E-02 1.407791E-01 2.648309E+01
175.278839 4.244112E-02 1.404400E-01 2.640237E+01
175.530762 4.249881E-02 1.400672E-01 2.631441E+01
175.789246 4.253514E-02 1.396573E-01 2.622620E+01
176.047729 4.249542E-02 1.392232E-01 2.615690E+01
176.307129 4.235554E-02 1.387761E-01 2.611590E+01
176.570801 4.214543E-02 1.383246E-01 2.609575E+01
176.833252 4.195500E-02 1.378849E-01 2.607177E+01
177.081512 4.185261E-02 1.374750E-01 2.602604E+01
177.323212 4.180791E-02 1.370762E-01 2.596442E+01
177.563995 4.176935E-02 1.366786E-01 2.590105E+01
177.807068 4.171586E-02 1.362773E-01 2.584154E+01
178.053040 4.164696E-02 1.358686E-01 2.578535E+01
178.302368 4.155648E-02 1.354510E-01 2.573406E+01
178.553833 4.143973E-02 1.350254E-01 2.568933E+01
178.806824 4.130118E-02 1.345959E-01 2.565053E+01
179.062256 4.115886E-02 1.341612E-01 2.561184E+01
179.315094 4.103844E-02 1.337284E-01 2.556666E+01
179.564880 4.093364E-02 1.332947E-01 2.551632E+01
179.813599 4.083199E-02 1.328524E-01 2.546331E+01
180.058044 4.073749E-02 1.324064E-01 2.540723E+01
180.300354 4.065292E-02 1.319555E-01 2.534705E+01
180.539612 4.055814E-02 1.315069E-01 2.529037E+01
180.774597 4.043985E-02 1.310660E-01 2.524242E+01
181.007904 4.030110E-02 1.306274E-01 2.520122E+01
181.243652 4.014624E-02 1.301817E-01 2.516361E+01
181.485504 3.998977E-02 1.297211E-01 2.512360E+01
181.736053 3.984736E-02 1.292399E-01 2.507509E+01
181.995300 3.971378E-02 1.287406E-01 2.502019E+01
182.262329 3.957340E-02 1.282308E-01 2.496527E+01
182.535309 3.944228E-02 1.277186E-01 2.490685E+01
182.802490 3.933546E-02 1.272256E-01 2.484436E+01
183.062958 3.922273E-02 1.267493E-01 2.478690E+01
183.317322 3.909335E-02 1.262830E-01 2.473654E+01
183.567108 3.897926E-02 1.258167E-01 2.468125E+01
183.816284 3.889225E-02 1.253362E-01 2.461448E+01
184.068817 3.881161E-02 1.248301E-01 2.454054E+01
184.326538 3.870731E-02 1.242972E-01 2.446867E+01
184.589142 3.855228E-02 1.237450E-01 2.440890E+01
184.858002 3.834155E-02 1.231794E-01 2.436402E+01
185.136322 3.812075E-02 1.226019E-01 2.431992E+01
185.409302 3.794830E-02 1.220439E-01 2.426418E+01
185.672211 3.781302E-02 1.215125E-01 2.420171E+01
185.928864 3.767570E-02 1.209981E-01 2.414313E+01
186.183380 3.749512E-02 1.204947E-01 2.410051E+01
186.440338 3.723298E-02 1.200031E-01 2.408654E+01
186.704163 3.688701E-02 1.195270E-01 2.410321E+01
186.980652 3.647693E-02 1.190702E-01 2.414570E+01
187.276367 3.600845E-02 1.186387E-01 2.421418E+01
187.584442 3.553381E-02 1.182601E-01 2.429759E+01
187.898010 3.513921E-02 1.179479E-01 2.436911E+01
188.211121 3.486664E-02 1.176966E-01 2.441207E+01
188.523163 3.466580E-02 1.174910E-01 2.443991E+01
188.833527 3.445454E-02 1.173219E-01 2.447943E+01
189.141602 3.421265E-02 1.171880E-01 2.453779E+01
189.447083 3.399736E-02 1.170858E-01 2.459389E+01
189.745239 3.386513E-02 1.170030E-01 2.462443E+01
190.040649 3.379743E-02 1.169239E-01 2.463242E+01
190.339264 3.374778E-02 1.168411E-01 2.463307E+01
190.636658 3.371662E-02 1.167544E-01 2.462617E+01
190.928864 3.372107E-02 1.166620E-01 2.460505E+01
191.217865 3.375838E-02 1.165605E-01 2.457005E+01
191.505035 3.378904E-02 1.164512E-01 2.453588E+01
191.789612 3.376434E-02 1.163407E-01 2.452156E+01
192.073120 3.366112E-02 1.162372E-01 2.453728E+01
192.358917 3.349543E-02 1.161481E-01 2.457904E+01
192.652649 3.330574E-02 1.160789E-01 2.463426E+01
192.950195 3.314928E-02 1.160370E-01 2.468341E+01
193.252625 3.306558E-02 1.160228E-01 2.471161E+01
193.557800 3.304457E-02 1.160301E-01 2.472100E+01
193.854584 3.304251E-02 1.160502E-01 2.472606E+01
194.144806 3.301282E-02 1.160792E-01 2.474337E+01
194.430450 3.295391E-02 1.161165E-01 2.477342E+01
194.715637 3.288465E-02 1.161630E-01 2.480943E+01
195.006622 3.283368E-02 1.162219E-01 2.484126E+01
195.308136 3.282764E-02 1.162928E-01 2.485870E+01
195.620026 3.289504E-02 1.163664E-01 2.484896E+01
195.921539 3.304733E-02 1.164209E-01 2.480323E+01
196.211151 3.326834E-02 1.164416E-01 2.472511E+01
196.493134 3.350504E-02 1.164235E-01 2.463378E+01
196.770538 3.370406E-02 1.163676E-01 2.454915E+01
197.046112 3.384289E-02 1.162804E-01 2.448040E+01
197.321075 3.391292E-02 1.161708E-01 2.443206E+01
197.589630 3.392018E-02 1.160507E-01 2.440418E+01
197.852844 3.389517E-02 1.159266E-01 2.438708E+01
198.113770 3.384805E-02 1.158009E-01 2.437759E+01
198.376526 3.377714E-02 1.156734E-01 2.437630E+01
198.644775 3.371008E-02 1.155420E-01 2.437281E+01
198.922028 3.367493E-02 1.154026E-01 2.435610E+01
199.211792 3.367645E-02 1.152479E-01 2.432291E+01
199.516968 3.369279E-02 1.150694E-01 2.427934E+01
199.825653 3.370359E-02 1.148700E-01 2.423339E+01
200.136475 3.370469E-02 1.146530E-01 2.418721E+01
200.453552 3.369166E-02 1.144219E-01 2.414313E+01
200.776428 3.365894E-02 1.141829E-01 2.410440E+01
201.100677 3.358826E-02 1.139428E-01 2.407901E+01
201.424622 3.346529E-02 1.137099E-01 2.407391E+01
201.747650 3.330459E-02 1.134929E-01 2.408587E+01
202.064575 3.311464E-02 1.132988E-01 2.411353E+01
202.365631 3.289772E-02 1.131363E-01 2.415821E+01
202.655548 3.267933E-02 1.130078E-01 2.421126E+01
202.938446 3.249608E-02 1.129143E-01 2.425934E+01
203.217987 3.239140E-02 1.128493E-01 2.428453E+01
203.498444 3.236911E-02 1.127993E-01 2.428213E+01
203.783478 3.240338E-02 1.127504E-01 2.425875E+01
204.076294 3.248320E-02 1.126920E-01 2.421639E+01
204.366516 3.260121E-02 1.126200E-01 2.415708E+01
204.652618 3.272963E-02 1.125309E-01 2.409055E+01
204.939789 3.283630E-02 1.124208E-01 2.402786E+01
205.232910 3.290582E-02 1.122869E-01 2.397388E+01
205.535797 3.290906E-02 1.121285E-01 2.393888E+01
205.851196 3.279164E-02 1.119555E-01 2.394472E+01
206.176361 3.254784E-02 1.117930E-01 2.399934E+01
206.495880 3.226311E-02 1.116704E-01 2.407855E+01
206.803497 3.201246E-02 1.115933E-01 2.415596E+01
207.105011 3.180625E-02 1.115536E-01 2.422552E+01
207.406067 3.163284E-02 1.115460E-01 2.429016E+01
207.712158 3.146302E-02 1.115740E-01 2.436174E+01
208.025269 3.124759E-02 1.116491E-01 2.446203E+01
208.332581 3.097962E-02 1.117814E-01 2.459671E+01
208.636078 3.069642E-02 1.119796E-01 2.475372E+01
208.940338 3.044192E-02 1.122494E-01 2.491688E+01
209.251007 3.025082E-02 1.125927E-01 2.507190E+01
209.560760 3.013839E-02 1.129927E-01 2.520787E+01
209.862885 3.008213E-02 1.134304E-01 2.532916E+01
210.160889 3.005008E-02 1.139038E-01 2.544842E+01
210.459045 3.002882E-02 1.144186E-01 2.557249E+01
210.760712 2.999174E-02 1.149856E-01 2.571509E+01
211.068939 2.991620E-02 1.156178E-01 2.588912E+01
211.384186 2.981320E-02 1.163261E-01 2.609267E+01
211.705383 2.973811E-02 1.171141E-01 2.630256E+01
212.021393 2.974748E-02 1.179492E-01 2.648594E+01
212.324127 2.984109E-02 1.187942E-01 2.663383E+01
212.622742 2.996469E-02 1.196596E-01 2.677247E+01
212.922119 3.005996E-02 1.205568E-01 2.693041E+01
213.223938 3.010732E-02 1.215003E-01 2.711983E+01
213.531708 3.012593E-02 1.225114E-01 2.733707E+01
213.848480 3.015655E-02 1.236113E-01 2.756849E+01
214.163574 3.023397E-02 1.247616E-01 2.778940E+01
214.473785 3.039555E-02 1.259377E-01 2.797669E+01
214.774384 3.065750E-02 1.270991E-01 2.811380E+01
215.069336 3.100936E-02 1.282399E-01 2.820476E+01
215.362457 3.143170E-02 1.293569E-01 2.825864E+01
215.656189 3.189104E-02 1.304480E-01 2.829102E+01
215.950073 3.237009E-02 1.315065E-01 2.830877E+01
216.241821 3.288001E-02 1.325187E-01 2.830459E+01
216.527771 3.341782E-02 1.334623E-01 2.827581E+01
216.804718 3.398691E-02 1.343151E-01 2.821724E+01
217.076782 3.461281E-02 1.350821E-01 2.812063E+01
217.352203 3.531417E-02 1.357780E-01 2.798340E+01
217.624725 3.605754E-02 1.363757E-01 2.781534E+01
217.898315 3.682720E-02 1.368734E-01 2.762361E+01
218.172668 3.754593E-02 1.372616E-01 2.743552E+01
218.439240 3.810981E-02 1.375365E-01 2.728634E+01
218.701233 3.852453E-02 1.377254E-01 2.717633E+01
218.961700 3.882812E-02 1.378517E-01 2.709472E+01
219.225067 3.904810E-02 1.379326E-01 2.703413E+01
219.493011 3.922077E-02 1.379767E-01 2.698319E+01
219.766754 3.940896E-02 1.379828E-01 2.691988E+01
220.040649 3.965460E-02 1.379403E-01 2.682811E+01
220.312256 3.998032E-02 1.378366E-01 2.669851E+01
220.585693 4.038957E-02 1.376537E-01 2.652765E+01
220.864471 4.084400E-02 1.373681E-01 2.632493E+01
221.151947 4.129698E-02 1.369580E-01 2.610200E+01
221.450714 4.172577E-02 1.364066E-01 2.586300E+01
221.758484 4.212191E-02 1.357124E-01 2.561008E+01
222.057861 4.248893E-02 1.349210E-01 2.535054E+01
222.349457 4.282906E-02 1.340415E-01 2.508509E+01
222.646240 4.316206E-02 1.330303E-01 2.479963E+01
222.949280 4.348500E-02 1.318719E-01 2.449223E+01
223.254150 4.376470E-02 1.305732E-01 2.417339E+01
223.542389 4.394378E-02 1.292316E-01 2.387622E+01
223.816895 4.400045E-02 1.278664E-01 2.360878E+01
224.087433 4.390723E-02 1.264607E-01 2.337401E+01
224.363770 4.365756E-02 1.249840E-01 2.316703E+01
224.654144 4.328072E-02 1.234069E-01 2.297407E+01
224.955658 4.280088E-02 1.217610E-01 2.279437E+01
225.254425 4.225744E-02 1.201372E-01 2.263453E+01
225.555176 4.163749E-02 1.185262E-01 2.249664E+01
225.861725 4.089094E-02 1.169384E-01 2.239697E+01
226.173462 4.001869E-02 1.154119E-01 2.234420E+01
226.484894 3.909093E-02 1.140035E-01 2.233190E+01
226.797699 3.818393E-02 1.127219E-01 2.234157E+01
227.108673 3.738584E-02 1.115752E-01 2.234909E+01
227.415070 3.667033E-02 1.105563E-01 2.235999E+01
227.717041 3.596650E-02 1.096526E-01 2.239317E+01
228.013672 3.526683E-02 1.088615E-01 2.245105E+01
228.306488 3.462890E-02 1.081685E-01 2.251267E+01
228.598846 3.409905E-02 1.075495E-01 2.255709E+01
228.893494 3.365060E-02 1.069845E-01 2.258760E+01
229.191345 3.323185E-02 1.064650E-01 2.261910E+01
229.486755 3.282145E-02 1.060007E-01 2.266082E+01
229.781250 3.241996E-02 1.055892E-01 2.271218E+01
230.077881 3.204218E-02 1.052254E-01 2.276696E+01
230.372375 3.169994E-02 1.049116E-01 2.282127E+01
230.663513 3.137312E-02 1.046442E-01 2.288136E+01
230.959534 3.102367E-02 1.044179E-01 2.296012E+01
231.262726 3.064692E-02 1.042409E-01 2.306165E+01
231.564545 3.026733E-02 1.041275E-01 2.318056E+01
231.863922 2.992020E-02 1.040772E-01 2.330339E+01
232.170624 2.963278E-02 1.040811E-01 2.341701E+01
232.473358 2.941254E-02 1.041279E-01 2.351507E+01
232.769531 2.923376E-02 1.042058E-01 2.360452E+01
233.067078 2.907228E-02 1.043115E-01 2.369398E+01
233.374847 2.891640E-02 1.044504E-01 2.378941E+01
233.705963 2.876081E-02 1.046377E-01 2.389645E+01
234.057831 2.862253E-02 1.048847E-01 2.401064E+01
234.407410 2.852322E-02 1.051816E-01 2.412049E+01
234.758820 2.847994E-02 1.055321E-01 2.421926E+01
235.098328 2.853013E-02 1.059112E-01 2.428486E+01
235.431427 2.868289E-02 1.063015E-01 2.430936E+01
235.766205 2.890438E-02 1.066882E-01 2.430414E+01
236.109070 2.915593E-02 1.070600E-01 2.428339E+01
236.457886 2.938821E-02 1.074065E-01 2.426553E+01
236.799530 2.956221E-02 1.077216E-01 2.426499E+01
237.126831 2.971458E-02 1.080076E-01 2.426695E+01
237.440857 2.988570E-02 1.082693E-01 2.425599E+01
237.743744 3.005005E-02 1.085093E-01 2.424321E+01
238.042358 3.017087E-02 1.087352E-01 2.424497E+01
238.346466 3.024771E-02 1.089572E-01 2.426360E+01
238.651031 3.030382E-02 1.091767E-01 2.428996E+01
238.941864 3.036616E-02 1.093856E-01 2.431146E+01
239.224609 3.044802E-02 1.095866E-01 2.432335E+01
239.507355 3.056517E-02 1.097806E-01 2.431968E+01
239.797119 3.072234E-02 1.099661E-01 2.429838E+01
240.091766 3.091272E-02 1.101331E-01 2.426022E+01
240.387482 3.113677E-02 1.102687E-01 2.420254E+01
240.683502 3.140049E-02 1.103609E-01 2.412085E+01
240.979675 3.168261E-02 1.103996E-01 2.402165E+01
241.277679 3.195960E-02 1.103777E-01 2.391258E+01
241.580414 3.221231E-02 1.102887E-01 2.379938E+01
241.874603 3.242191E-02 1.101369E-01 2.368968E+01
242.163147 3.258391E-02 1.099283E-01 2.358596E+01
242.451080 3.271219E-02 1.096681E-01 2.348394E+01
242.739777 3.281740E-02 1.093646E-01 2.338139E+01
243.031372 3.287943E-02 1.090281E-01 2.328745E+01
243.327240 3.286882E-02 1.086720E-01 2.321513E+01
243.622345 3.277943E-02 1.083157E-01 2.317054E+01
243.910583 3.263005E-02 1.079717E-01 2.314977E+01
244.199280 3.246238E-02 1.076297E-01 2.313596E+01
244.494080 3.231417E-02 1.072795E-01 2.311351E+01
244.798492 3.219905E-02 1.069158E-01 2.307629E+01
245.109619 3.212154E-02 1.065428E-01 2.302351E+01
245.417084 3.207162E-02 1.061719E-01 2.296122E+01
245.717834 3.201941E-02 1.058058E-01 2.290068E+01
246.019196 3.195223E-02 1.054355E-01 2.284452E+01
246.326965 3.187354E-02 1.050532E-01 2.278975E+01
246.642670 3.177682E-02 1.046566E-01 2.273825E+01
246.961578 3.166956E-02 1.042527E-01 2.268883E+01
247.282928 3.155706E-02 1.038495E-01 2.264132E+01
247.602600 3.141409E-02 1.034615E-01 2.260799E+01
247.927917 3.123018E-02 1.030910E-01 2.259327E+01
248.259949 3.103209E-02 1.027456E-01 2.258933E+01
248.591522 3.085420E-02 1.024317E-01 2.258515E+01
248.919586 3.073946E-02 1.021437E-01 2.256364E+01
249.243378 3.068439E-02 1.018709E-01 2.252355E+01
249.565491 3.066552E-02 1.016029E-01 2.247122E+01
249.873718 3.066583E-02 1.013451E-01 2.241409E+01
250.165771 3.064035E-02 1.011009E-01 2.236937E+01
250.447296 3.055468E-02 1.008709E-01 2.234975E+01
250.724548 3.039703E-02 1.006573E-01 2.236019E+01
251.004089 3.017004E-02 1.004655E-01 2.240136E+01
251.290649 2.988328E-02 1.003041E-01 2.247244E+01
251.588501 2.954393E-02 1.001848E-01 2.257426E+01
251.900391 2.916494E-02 1.001233E-01 2.270650E+01
252.227081 2.874078E-02 1.001410E-01 2.287750E+01
252.560638 2.826329E-02 1.002602E-01 2.309740E+01
252.892670 2.776127E-02 1.004933E-01 2.335947E+01
253.226074 2.726070E-02 1.008528E-01 2.365731E+01
253.557800 2.680399E-02 1.013420E-01 2.397372E+01
253.888763 2.641356E-02 1.019600E-01 2.429753E+01
254.226288 2.607007E-02 1.027191E-01 2.463915E+01
254.558014 2.576520E-02 1.035843E-01 2.499326E+01
254.884552 2.549227E-02 1.045462E-01 2.536003E+01
255.206360 2.528113E-02 1.055987E-01 2.572207E+01
255.522675 2.516126E-02 1.067318E-01 2.605992E+01
255.831512 2.513487E-02 1.079300E-01 2.636631E+01
256.130737 2.517662E-02 1.091689E-01 2.664685E+01
256.420654 2.527985E-02 1.104311E-01 2.689985E+01
256.704163 2.545304E-02 1.117155E-01 2.711996E+01
256.987061 2.567662E-02 1.130330E-01 2.732007E+01
257.274231 2.591681E-02 1.143984E-01 2.752166E+01
257.570862 2.615620E-02 1.158319E-01 2.773873E+01
257.869324 2.638243E-02 1.172989E-01 2.796934E+01
258.166260 2.661502E-02 1.187832E-01 2.819922E+01
258.465942 2.687231E-02 1.203073E-01 2.842400E+01
258.771118 2.714443E-02 1.218891E-01 2.865299E+01
259.083008 2.745089E-02 1.235350E-01 2.887735E+01
259.399780 2.782026E-02 1.252327E-01 2.907922E+01
259.710754 2.823421E-02 1.269181E-01 2.925374E+01
260.002502 2.864667E-02 1.285067E-01 2.940589E+01
260.281738 2.904471E-02 1.300335E-01 2.955068E+01
260.555786 2.946189E-02 1.315359E-01 2.967970E+01
260.827087 2.989903E-02 1.330264E-01 2.979580E+01
261.094421 3.033761E-02 1.344992E-01 2.990713E+01
261.359924 3.079013E-02 1.359568E-01 3.000826E+01
261.624817 3.127888E-02 1.374025E-01 3.008948E+01
261.890320 3.183193E-02 1.388313E-01 3.013711E+01
262.156738 3.244593E-02 1.402342E-01 3.015223E+01
262.424683 3.309288E-02 1.416015E-01 3.014715E+01
262.694763 3.376226E-02 1.429272E-01 3.012622E+01
262.964844 3.442564E-02 1.441948E-01 3.009914E+01
263.235535 3.501457E-02 1.454155E-01 3.009761E+01
263.511108 3.546933E-02 1.466174E-01 3.015120E+01
263.791565 3.580086E-02 1.478160E-01 3.025661E+01
264.066528 3.606741E-02 1.489791E-01 3.038179E+01
264.334778 3.632825E-02 1.501101E-01 3.050234E+01
264.601196 3.658839E-02 1.512313E-01 3.062074E+01
264.878601 3.682273E-02 1.524060E-01 3.076024E+01
265.166077 3.699008E-02 1.536382E-01 3.093870E+01
265.443787 3.707745E-02 1.548681E-01 3.114963E+01
265.720581 3.714053E-02 1.561498E-01 3.138073E+01
266.002869 3.723248E-02 1.575253E-01 3.161804E+01
266.289429 3.742692E-02 1.589852E-01 3.182807E+01
266.572632 3.780878E-02 1.604686E-01 3.196239E+01
266.848816 3.840770E-02 1.619153E-01 3.199811E+01
267.120422 3.920280E-02 1.632984E-01 3.194250E+01
267.389587 4.017499E-02 1.645842E-01 3.180211E+01
267.657532 4.135435E-02 1.657355E-01 3.156462E+01
267.916321 4.269514E-02 1.666811E-01 3.124228E+01
268.164429 4.410470E-02 1.673987E-01 3.087132E+01
268.404297 4.548206E-02 1.678955E-01 3.049051E+01
268.635315 4.673595E-02 1.681903E-01 3.013152E+01
268.866028 4.788287E-02 1.683112E-01 2.978986E+01
269.097961 4.893992E-02 1.682658E-01 2.945845E+01
269.329895 4.992636E-02 1.680548E-01 2.912940E+01
269.562744 5.084369E-02 1.676749E-01 2.880017E+01
269.800781 5.168981E-02 1.671147E-01 2.846805E+01
270.047058 5.247795E-02 1.663598E-01 2.812585E+01
270.297607 5.317946E-02 1.654266E-01 2.778300E+01
270.548462 5.378478E-02 1.643424E-01 2.744514E+01
270.790466 5.428420E-02 1.631645E-01 2.712280E+01
271.027893 5.466269E-02 1.618931E-01 2.681812E+01
271.276917 5.487071E-02 1.604608E-01 2.653043E+01
271.537537 5.484413E-02 1.588798E-01 2.627538E+01
271.805481 5.455162E-02 1.572022E-01 2.606756E+01
272.075867 5.395982E-02 1.554992E-01 2.592618E+01
272.350220 5.313928E-02 1.537986E-01 2.583987E+01
272.622131 5.228111E-02 1.521581E-01 2.577320E+01
272.894348 5.147425E-02 1.505683E-01 2.570302E+01
273.169312 5.075669E-02 1.490020E-01 2.561480E+01
273.446716 5.021245E-02 1.474383E-01 2.548299E+01
273.721375 4.986703E-02 1.458798E-01 2.530078E+01
273.987793 4.961758E-02 1.443348E-01 2.509567E+01
274.250549 4.934768E-02 1.427784E-01 2.489285E+01
274.513916 4.898065E-02 1.412005E-01 2.470982E+01
274.782471 4.849084E-02 1.395932E-01 2.455161E+01
275.058960 4.792366E-02 1.379601E-01 2.440754E+01
275.340332 4.736857E-02 1.363255E-01 2.425926E+01
275.630249 4.683603E-02 1.346671E-01 2.410000E+01
275.922302 4.630645E-02 1.330218E-01 2.394130E+01
276.221069 4.575835E-02 1.313647E-01 2.378423E+01
276.515869 4.521918E-02 1.297600E-01 2.363335E+01
276.805176 4.468093E-02 1.282248E-01 2.349397E+01
277.087463 4.411202E-02 1.267628E-01 2.337539E+01
277.362427 4.349503E-02 1.253777E-01 2.328338E+01
277.631592 4.281344E-02 1.240625E-01 2.322182E+01
277.895874 4.209128E-02 1.228164E-01 2.318494E+01
278.158325 4.138993E-02 1.216300E-01 2.315470E+01
278.421997 4.075621E-02 1.204828E-01 2.311394E+01
278.692993 4.021107E-02 1.193440E-01 2.305013E+01
278.977417 3.978215E-02 1.181759E-01 2.294724E+01
279.268860 3.949722E-02 1.169858E-01 2.279794E+01
279.552673 3.931936E-02 1.158087E-01 2.261953E+01
279.830994 3.917491E-02 1.146191E-01 2.242842E+01
280.107788 3.901232E-02 1.133947E-01 2.223502E+01
280.390076 3.879934E-02 1.121109E-01 2.204354E+01
280.682129 3.854768E-02 1.107444E-01 2.184581E+01
280.989136 3.830809E-02 1.092639E-01 2.162107E+01
281.314148 3.809943E-02 1.076423E-01 2.135843E+01
281.639771 3.789573E-02 1.059547E-01 2.108001E+01
281.970886 3.760919E-02 1.041861E-01 2.080695E+01
282.309631 3.716412E-02 1.023510E-01 2.056249E+01
282.651123 3.658191E-02 1.005110E-01 2.035289E+01
282.981628 3.594454E-02 9.876189E-02 2.017523E+01
283.313049 3.524476E-02 9.704941E-02 2.002125E+01
283.655457 3.447877E-02 9.533084E-02 1.988397E+01
284.009155 3.371536E-02 9.361020E-02 1.974489E+01
284.368042 3.302273E-02 9.191993E-02 1.959065E+01
284.732727 3.234895E-02 9.026400E-02 1.943704E+01
285.094055 3.160743E-02 8.869553E-02 1.932203E+01
285.439819 3.080642E-02 8.728578E-02 1.926054E+01
285.779480 2.996963E-02 8.600625E-02 1.924132E+01
286.120972 2.913270E-02 8.483367E-02 1.924968E+01
286.465820 2.834094E-02 8.376723E-02 1.927137E+01
286.797852 2.766234E-02 8.284240E-02 1.929096E+01
287.140564 2.705965E-02 8.197961E-02 1.930147E+01
287.513489 2.648406E-02 8.112957E-02 1.930779E+01
287.885803 2.594768E-02 8.036678E-02 1.932293E+01
288.253235 2.544240E-02 7.969614E-02 1.935102E+01
288.613342 2.498890E-02 7.911758E-02 1.938408E+01
288.971008 2.459646E-02 7.861421E-02 1.941379E+01
289.332336 2.425748E-02 7.816800E-02 1.943801E+01
289.690002 2.395421E-02 7.777721E-02 1.946288E+01
290.041260 2.364971E-02 7.743967E-02 1.950276E+01
290.396484 2.330143E-02 7.715341E-02 1.957535E+01
290.759033 2.291026E-02 7.693049E-02 1.968471E+01
291.112427 2.252804E-02 7.679195E-02 1.981525E+01
291.459717 2.217781E-02 7.673771E-02 1.995700E+01
291.810669 2.187830E-02 7.676557E-02 2.010043E+01
292.167419 2.165572E-02 7.687159E-02 2.023137E+01
292.530579 2.152007E-02 7.704525E-02 2.034088E+01
292.901062 2.147140E-02 7.726886E-02 2.042302E+01
293.264832 2.150027E-02 7.751082E-02 2.047321E+01
293.612732 2.157312E-02 7.774595E-02 2.050061E+01
293.951782 2.165205E-02 7.796980E-02 2.052213E+01
294.289612 2.170310E-02 7.818710E-02 2.055511E+01
294.628357 2.170843E-02 7.840338E-02 2.060944E+01
294.961609 2.168076E-02 7.862264E-02 2.068026E+01
295.296997 2.162956E-02 7.886043E-02 2.076734E+01
295.640015 2.154001E-02 7.913524E-02 2.088299E+01
295.984253 2.139531E-02 7.945792E-02 2.103893E+01
296.330017 2.119818E-02 7.984299E-02 2.123896E+01
296.671509 2.097091E-02 8.029623E-02 2.147495E+01
297.009033 2.072960E-02 8.082634E-02 2.174218E+01
297.343201 2.048709E-02 8.144173E-02 2.203700E+01
297.675842 2.026348E-02 8.214965E-02 2.235086E+01
298.008484 2.007012E-02 8.295778E-02 2.267920E+01
298.341125 1.990860E-02 8.386537E-02 2.302014E+01
298.663391 1.977959E-02 8.483642E-02 2.336250E+01
298.978333 1.968145E-02 8.586713E-02 2.370522E+01
299.287781 1.961590E-02 8.695528E-02 2.404570E+01
299.592957 1.957289E-02 8.810072E-02 2.438920E+01
299.896606 1.953906E-02 8.931435E-02 2.474657E+01
